2.000000000000000000e+01,3.000000000000000062e-03,3.000000000000000000e+00,2.000000000000000000e+00,3.000000000000000000e+01,1.000000000000000000e+01,2.000000000000000000e+01,9.900000000000000000e+01,2.000000000000000000e+01,2.000000000000000000e+00,0.000000000000000000e+00,0.000000000000000000e+00,1.000000000000000000e+00,-9.375411434941027800e-03,3.000000000000000000e+01,-3.122167043634438530e-04,6.126952660169369003e-04
2.000000000000000000e+01,3.000000000000000062e-03,5.000000000000000000e+00,2.000000000000000000e+00,4.000000000000000000e+01,2.000000000000000000e+00,5.000000000000000000e+00,9.900000000000000000e+01,2.000000000000000000e+01,0.000000000000000000e+00,0.000000000000000000e+00,0.000000000000000000e+00,1.000000000000000000e+00,-1.023691061059939234e-02,2.000000000000000000e+01,-5.118455305299695951e-04,6.595991267040514101e-04
4.000000000000000000e+01,1.000000000000000021e-03,4.000000000000000000e+00,1.000000000000000000e+00,2.000000000000000000e+01,1.000000000000000000e+01,5.000000000000000000e+00,9.900000000000000000e+01,2.000000000000000000e+01,1.000000000000000000e+00,1.000000000000000000e+00,1.000000000000000000e+00,1.000000000000000000e+00,1.149202764184880099e-01,4.000000000000000000e+01,2.784901811061210597e-03,7.541636308700019322e-04
4.000000000000000000e+01,3.000000000000000062e-03,8.000000000000000000e+00,2.000000000000000000e+00,4.000000000000000000e+01,1.000000000000000000e+01,1.000000000000000000e+00,9.900000000000000000e+01,2.000000000000000000e+01,2.000000000000000000e+00,0.000000000000000000e+00,1.000000000000000000e+00,1.000000000000000000e+00,0.000000000000000000e+00,2.000000000000000000e+01,0.000000000000000000e+00,8.584037407746161145e-04
6.000000000000000000e+01,1.000000000000000021e-03,8.000000000000000000e+00,0.000000000000000000e+00,4.000000000000000000e+01,2.000000000000000000e+00,1.000000000000000000e+01,9.900000000000000000e+01,2.000000000000000000e+01,0.000000000000000000e+00,1.000000000000000000e+00,1.000000000000000000e+00,1.000000000000000000e+00,0.000000000000000000e+00,2.000000000000000000e+01,0.000000000000000000e+00,8.486876234060543051e-04
6.000000000000000000e+01,2.000000000000000042e-03,1.000000000000000000e+00,0.000000000000000000e+00,4.000000000000000000e+01,2.000000000000000000e+00,3.000000000000000000e+01,9.900000000000000000e+01,2.000000000000000000e+01,1.000000000000000000e+00,1.000000000000000000e+00,1.000000000000000000e+00,1.000000000000000000e+00,2.761095393349410898e-02,2.000000000000000000e+01,1.388411739822570379e-03,8.549626519619021262e-04
6.000000000000000000e+01,2.000000000000000042e-03,2.000000000000000000e+00,0.000000000000000000e+00,2.000000000000000000e+01,1.000000000000000000e+01,1.000000000000000000e+00,9.900000000000000000e+01,2.000000000000000000e+01,2.000000000000000000e+00,0.000000000000000000e+00,0.000000000000000000e+00,0.000000000000000000e+00,-4.483709569659488636e-03,4.000000000000000000e+01,-1.120927392414872213e-04,6.899275299903237730e-04
6.000000000000000000e+01,2.000000000000000042e-03,4.000000000000000000e+00,2.000000000000000000e+00,2.000000000000000000e+01,1.000000000000000000e+01,1.000000000000000000e+00,9.900000000000000000e+01,2.000000000000000000e+01,1.000000000000000000e+00,1.000000000000000000e+00,0.000000000000000000e+00,0.000000000000000000e+00,1.240283951417109343e-01,4.000000000000000000e+01,2.989916713323356560e-03,1.015419855895039131e-03
6.000000000000000000e+01,2.000000000000000042e-03,8.000000000000000000e+00,1.000000000000000000e+00,3.000000000000000000e+01,1.000000000000000000e+01,1.000000000000000000e+00,9.900000000000000000e+01,2.000000000000000000e+01,2.000000000000000000e+00,1.000000000000000000e+00,1.000000000000000000e+00,1.000000000000000000e+00,0.000000000000000000e+00,3.000000000000000000e+01,0.000000000000000000e+00,7.112423132138314492e-04
6.000000000000000000e+01,3.000000000000000062e-03,8.000000000000000000e+00,2.000000000000000000e+00,4.000000000000000000e+01,5.000000000000000000e+00,3.000000000000000000e+01,9.900000000000000000e+01,2.000000000000000000e+01,0.000000000000000000e+00,1.000000000000000000e+00,1.000000000000000000e+00,1.000000000000000000e+00,0.000000000000000000e+00,2.000000000000000000e+01,0.000000000000000000e+00,8.521366412462880310e-04
8.000000000000000000e+01,1.000000000000000021e-03,4.000000000000000000e+00,2.000000000000000000e+00,4.000000000000000000e+01,1.000000000000000000e+01,1.000000000000000000e+01,9.900000000000000000e+01,2.000000000000000000e+01,2.000000000000000000e+00,1.000000000000000000e+00,0.000000000000000000e+00,1.000000000000000000e+00,-4.142902449677188237e-03,2.000000000000000000e+01,-2.039936705114098192e-04,6.545959343792360965e-04
8.000000000000000000e+01,4.000000000000000083e-03,4.000000000000000000e+00,2.000000000000000000e+00,2.000000000000000000e+01,1.000000000000000000e+01,1.000000000000000000e+00,9.900000000000000000e+01,2.000000000000000000e+01,0.000000000000000000e+00,1.000000000000000000e+00,0.000000000000000000e+00,1.000000000000000000e+00,6.627621776040348855e-02,4.000000000000000000e+01,1.640683258843148072e-03,6.499612207445690064e-04
1.000000000000000000e+02,3.000000000000000062e-03,4.000000000000000000e+00,2.000000000000000000e+00,2.000000000000000000e+01,2.000000000000000000e+01,4.000000000000000000e+01,9.900000000000000000e+01,2.000000000000000000e+01,0.000000000000000000e+00,0.000000000000000000e+00,1.000000000000000000e+00,1.000000000000000000e+00,9.718396608672796866e-02,4.000000000000000000e+01,2.380213914200515583e-03,5.948257677271000981e-04
1.000000000000000000e+02,3.000000000000000062e-03,5.000000000000000000e+00,2.000000000000000000e+00,2.000000000000000000e+01,2.000000000000000000e+00,4.000000000000000000e+01,9.900000000000000000e+01,2.000000000000000000e+01,2.000000000000000000e+00,1.000000000000000000e+00,0.000000000000000000e+00,1.000000000000000000e+00,4.821874458500996496e-02,4.000000000000000000e+01,1.204197450964852867e-03,5.636739179401816522e-04
1.000000000000000000e+02,4.000000000000000083e-03,2.000000000000000000e+00,1.000000000000000000e+00,2.000000000000000000e+01,1.000000000000000000e+01,1.000000000000000000e+00,9.900000000000000000e+01,2.000000000000000000e+01,0.000000000000000000e+00,1.000000000000000000e+00,0.000000000000000000e+00,0.000000000000000000e+00,1.236953953046837640e-01,4.000000000000000000e+01,2.981223811860575588e-03,3.255127151578307652e-03
1.200000000000000000e+02,3.000000000000000062e-03,6.000000000000000000e+00,0.000000000000000000e+00,2.000000000000000000e+01,1.000000000000000000e+01,3.000000000000000000e+00,9.900000000000000000e+01,2.000000000000000000e+01,2.000000000000000000e+00,1.000000000000000000e+00,1.000000000000000000e+00,1.000000000000000000e+00,1.268683784749196075e-01,4.000000000000000000e+01,3.051917229385292356e-03,6.413284369774224910e-04
1.400000000000000000e+02,1.000000000000000021e-03,6.000000000000000000e+00,0.000000000000000000e+00,4.000000000000000000e+01,2.000000000000000000e+01,3.000000000000000000e+00,9.900000000000000000e+01,2.000000000000000000e+01,0.000000000000000000e+00,1.000000000000000000e+00,0.000000000000000000e+00,1.000000000000000000e+00,-1.187228865296818814e-02,2.000000000000000000e+01,-5.936144326484094069e-04,6.925891652917583272e-04
1.400000000000000000e+02,2.000000000000000042e-03,1.000000000000000000e+00,0.000000000000000000e+00,4.000000000000000000e+01,5.000000000000000000e+00,2.000000000000000000e+01,9.900000000000000000e+01,2.000000000000000000e+01,1.000000000000000000e+00,1.000000000000000000e+00,0.000000000000000000e+00,1.000000000000000000e+00,2.220482572991544501e-02,2.000000000000000000e+01,1.117415672124888373e-03,4.210482068548909479e-04
1.400000000000000000e+02,2.000000000000000042e-03,7.000000000000000000e+00,0.000000000000000000e+00,3.000000000000000000e+01,5.000000000000000000e+00,3.000000000000000000e+00,9.900000000000000000e+01,2.000000000000000000e+01,2.000000000000000000e+00,1.000000000000000000e+00,0.000000000000000000e+00,1.000000000000000000e+00,8.914298701292899807e-03,3.000000000000000000e+01,2.971432900430966747e-04,6.314727904222560773e-04
1.400000000000000000e+02,4.000000000000000083e-03,4.000000000000000000e+00,2.000000000000000000e+00,3.000000000000000000e+01,2.000000000000000000e+01,1.000000000000000000e+01,9.900000000000000000e+01,2.000000000000000000e+01,2.000000000000000000e+00,1.000000000000000000e+00,1.000000000000000000e+00,1.000000000000000000e+00,4.206619427899860320e-02,2.000000000000000000e+01,2.086649209963975342e-03,9.651478921486919115e-04
1.400000000000000000e+02,4.000000000000000083e-03,6.000000000000000000e+00,0.000000000000000000e+00,2.000000000000000000e+01,5.000000000000000000e+00,4.000000000000000000e+01,9.900000000000000000e+01,2.000000000000000000e+01,2.000000000000000000e+00,0.000000000000000000e+00,1.000000000000000000e+00,1.000000000000000000e+00,1.464093427482078269e-01,4.000000000000000000e+01,3.475923059274241451e-03,6.381529558029196787e-04
