0.000000000000000000e+00,-5.000000000000000104e-03,-1.000000000000000021e-02,2.000000000000000042e-03,7.729133922491918801e-03
0.000000000000000000e+00,-5.000000000000000104e-03,-1.000000000000000021e-02,5.000000000000000104e-03,7.947553498417180354e-03
0.000000000000000000e+00,-5.000000000000000104e-03,-1.000000000000000021e-02,6.000000000000000125e-03,8.450286956473969033e-03
0.000000000000000000e+00,-5.000000000000000104e-03,-1.000000000000000021e-02,1.099999999999999936e-02,8.048069652135234411e-03
0.000000000000000000e+00,-5.000000000000000104e-03,-1.000000000000000021e-02,1.400000000000000029e-02,8.275078620340313787e-03
0.000000000000000000e+00,-5.000000000000000104e-03,-1.000000000000000021e-02,1.499999999999999944e-02,8.459129108296053676e-03
0.000000000000000000e+00,-5.000000000000000104e-03,-1.000000000000000021e-02,1.899999999999999953e-02,9.297803014899668622e-03
0.000000000000000000e+00,-5.000000000000000104e-03,-8.000000000000000167e-03,8.000000000000000167e-03,8.421895200580101562e-03
0.000000000000000000e+00,-5.000000000000000104e-03,-7.000000000000000146e-03,2.000000000000000042e-03,7.141948578925209380e-03
0.000000000000000000e+00,-5.000000000000000104e-03,-7.000000000000000146e-03,1.899999999999999953e-02,8.663150304122901879e-03
0.000000000000000000e+00,-5.000000000000000104e-03,-6.000000000000000125e-03,1.400000000000000029e-02,7.740673102401640984e-03
0.000000000000000000e+00,-5.000000000000000104e-03,-4.000000000000000083e-03,5.000000000000000104e-03,5.580512681819517658e-03
0.000000000000000000e+00,-5.000000000000000104e-03,-4.000000000000000083e-03,6.000000000000000125e-03,6.610376285538037064e-03
0.000000000000000000e+00,-5.000000000000000104e-03,-4.000000000000000083e-03,8.999999999999999320e-03,6.603293210935993161e-03
0.000000000000000000e+00,-5.000000000000000104e-03,-4.000000000000000083e-03,1.200000000000000025e-02,6.130967446227050290e-03
0.000000000000000000e+00,-5.000000000000000104e-03,-4.000000000000000083e-03,1.499999999999999944e-02,6.782634573655255301e-03
0.000000000000000000e+00,-5.000000000000000104e-03,-4.000000000000000083e-03,1.899999999999999953e-02,6.457941278295879425e-03
0.000000000000000000e+00,-4.499999999999999660e-03,-4.000000000000000083e-03,8.999999999999999320e-03,7.174690255453248025e-03
0.000000000000000000e+00,-3.799999999999999992e-03,-4.000000000000000083e-03,3.000000000000000062e-03,5.199883308261587893e-03
0.000000000000000000e+00,-3.700000000000000164e-03,-7.000000000000000146e-03,1.899999999999999953e-02,1.155185594358174375e-02
0.000000000000000000e+00,-3.500000000000000073e-03,-1.000000000000000021e-02,8.000000000000000167e-03,1.251465165477361370e-02
0.000000000000000000e+00,-3.399999999999999811e-03,-1.000000000000000021e-02,2.000000000000000042e-03,8.377383396070772065e-03
0.000000000000000000e+00,-3.299999999999999982e-03,-4.000000000000000083e-03,2.000000000000000042e-03,6.264179190035704982e-03
0.000000000000000000e+00,-3.200000000000000153e-03,-4.000000000000000083e-03,1.000000000000000021e-02,9.878080603357401387e-03
0.000000000000000000e+00,-3.000000000000000062e-03,-1.000000000000000021e-02,8.000000000000000167e-03,1.377544928433658070e-02
0.000000000000000000e+00,-2.500000000000000052e-03,-7.000000000000000146e-03,7.000000000000000146e-03,1.504048676651521289e-02
0.000000000000000000e+00,-2.500000000000000052e-03,-7.000000000000000146e-03,1.099999999999999936e-02,1.574148883743411304e-02
0.000000000000000000e+00,-2.399999999999999790e-03,-6.000000000000000125e-03,1.600000000000000033e-02,1.649421101521853297e-02
0.000000000000000000e+00,-2.299999999999999961e-03,-4.000000000000000083e-03,1.099999999999999936e-02,1.432840537904305801e-02
0.000000000000000000e+00,-2.299999999999999961e-03,-4.000000000000000083e-03,1.400000000000000029e-02,1.456812305660000299e-02
0.000000000000000000e+00,-2.200000000000000133e-03,-1.000000000000000021e-02,1.099999999999999936e-02,1.722027502649231892e-02
0.000000000000000000e+00,-2.099999999999999870e-03,-1.000000000000000021e-02,1.000000000000000021e-02,1.762972691876472583e-02
0.000000000000000000e+00,-2.099999999999999870e-03,-1.000000000000000021e-02,1.400000000000000029e-02,1.785799469668718914e-02
0.000000000000000000e+00,-2.099999999999999870e-03,-6.000000000000000125e-03,7.000000000000000146e-03,1.506739662327587909e-02
0.000000000000000000e+00,-2.099999999999999870e-03,-5.000000000000000104e-03,1.899999999999999953e-02,1.810754907757592194e-02
0.000000000000000000e+00,-2.000000000000000042e-03,-1.000000000000000021e-02,1.499999999999999944e-02,1.848819359105930218e-02
0.000000000000000000e+00,-2.000000000000000042e-03,-4.000000000000000083e-03,8.000000000000000167e-03,1.459701399770136146e-02
0.000000000000000000e+00,-1.899999999999999996e-03,-1.000000000000000021e-02,1.700000000000000122e-02,2.042682243312713558e-02
0.000000000000000000e+00,-1.899999999999999996e-03,-7.000000000000000146e-03,6.000000000000000125e-03,1.556185207580635527e-02
0.000000000000000000e+00,-1.899999999999999996e-03,-7.000000000000000146e-03,8.999999999999999320e-03,1.777934912625817043e-02
0.000000000000000000e+00,-1.899999999999999996e-03,-7.000000000000000146e-03,1.099999999999999936e-02,1.846765406135755447e-02
0.000000000000000000e+00,-1.899999999999999996e-03,-5.000000000000000104e-03,1.299999999999999940e-02,1.822247861776311872e-02
0.000000000000000000e+00,-1.799999999999999951e-03,-1.000000000000000021e-02,1.700000000000000122e-02,2.114838716984724504e-02
0.000000000000000000e+00,-1.799999999999999951e-03,-8.999999999999999320e-03,1.700000000000000122e-02,2.114838716984724504e-02
0.000000000000000000e+00,-1.799999999999999951e-03,-4.000000000000000083e-03,1.499999999999999944e-02,1.713138972530550350e-02
0.000000000000000000e+00,-1.699999999999999905e-03,-1.000000000000000021e-02,7.000000000000000146e-03,1.718454133629650563e-02
0.000000000000000000e+00,-1.699999999999999905e-03,-8.999999999999999320e-03,1.000000000000000021e-02,1.926548309573713688e-02
0.000000000000000000e+00,-1.699999999999999905e-03,-8.000000000000000167e-03,1.000000000000000021e-02,1.926548309573713688e-02
0.000000000000000000e+00,-1.699999999999999905e-03,-4.000000000000000083e-03,1.700000000000000122e-02,1.824539024512178420e-02
0.000000000000000000e+00,-1.699999999999999905e-03,-4.000000000000000083e-03,1.799999999999999864e-02,1.842060519512326092e-02
0.000000000000000000e+00,-1.500000000000000031e-03,-1.000000000000000021e-02,1.400000000000000029e-02,2.019301799053275365e-02
0.000000000000000000e+00,-1.500000000000000031e-03,-1.000000000000000021e-02,1.600000000000000033e-02,2.163014794449153594e-02
0.000000000000000000e+00,-1.500000000000000031e-03,-1.000000000000000021e-02,1.700000000000000122e-02,2.218382285038871665e-02
0.000000000000000000e+00,-1.500000000000000031e-03,-1.000000000000000021e-02,1.899999999999999953e-02,2.249786822693734117e-02
0.000000000000000000e+00,-1.500000000000000031e-03,-8.999999999999999320e-03,1.600000000000000033e-02,2.163014794449153594e-02
0.000000000000000000e+00,-1.500000000000000031e-03,-7.000000000000000146e-03,1.799999999999999864e-02,2.157581916084387597e-02
0.000000000000000000e+00,-1.399999999999999986e-03,-1.000000000000000021e-02,7.000000000000000146e-03,1.801919122676435420e-02
0.000000000000000000e+00,-1.399999999999999986e-03,-1.000000000000000021e-02,1.899999999999999953e-02,2.304083897347142251e-02
0.000000000000000000e+00,-1.399999999999999986e-03,-8.999999999999999320e-03,1.799999999999999864e-02,2.285162559437402263e-02
0.000000000000000000e+00,-1.399999999999999986e-03,-6.000000000000000125e-03,1.700000000000000122e-02,2.139036775747203689e-02
0.000000000000000000e+00,-1.399999999999999986e-03,-4.000000000000000083e-03,1.200000000000000025e-02,1.865190380834938835e-02
0.000000000000000000e+00,-1.299999999999999940e-03,-5.000000000000000104e-03,1.700000000000000122e-02,2.174518438253043515e-02
0.000000000000000000e+00,-1.199999999999999895e-03,-1.000000000000000021e-02,8.999999999999999320e-03,1.999546198637318709e-02
0.000000000000000000e+00,-1.199999999999999895e-03,-8.999999999999999320e-03,1.700000000000000122e-02,2.317813099099846549e-02
0.000000000000000000e+00,-1.199999999999999895e-03,-8.999999999999999320e-03,1.799999999999999864e-02,2.326885006695948721e-02
0.000000000000000000e+00,-1.199999999999999895e-03,-8.000000000000000167e-03,1.600000000000000033e-02,2.215982002142751275e-02
0.000000000000000000e+00,-1.199999999999999895e-03,-7.000000000000000146e-03,1.899999999999999953e-02,2.268862813207616486e-02
0.000000000000000000e+00,-1.199999999999999895e-03,-4.000000000000000083e-03,1.700000000000000122e-02,2.026902538369514811e-02
0.000000000000000000e+00,-1.100000000000000066e-03,-1.000000000000000021e-02,1.700000000000000122e-02,2.350951020192536614e-02
0.000000000000000000e+00,-1.100000000000000066e-03,-1.000000000000000021e-02,1.799999999999999864e-02,2.363775924351578170e-02
0.000000000000000000e+00,-1.100000000000000066e-03,-8.999999999999999320e-03,1.600000000000000033e-02,2.300244093342270271e-02
0.000000000000000000e+00,-1.100000000000000066e-03,-8.999999999999999320e-03,1.700000000000000122e-02,2.350951020192536614e-02
0.000000000000000000e+00,-1.100000000000000066e-03,-8.000000000000000167e-03,1.099999999999999936e-02,2.132426853659792274e-02
0.000000000000000000e+00,-1.100000000000000066e-03,-8.000000000000000167e-03,1.799999999999999864e-02,2.293169151434834921e-02
0.000000000000000000e+00,-1.100000000000000066e-03,-7.000000000000000146e-03,1.000000000000000021e-02,2.123331812747277642e-02
0.000000000000000000e+00,-1.100000000000000066e-03,-7.000000000000000146e-03,1.299999999999999940e-02,2.155895645319054477e-02
0.000000000000000000e+00,-1.100000000000000066e-03,-6.000000000000000125e-03,1.400000000000000029e-02,2.089240989766492224e-02
0.000000000000000000e+00,-1.000000000000000021e-03,-1.000000000000000021e-02,1.899999999999999953e-02,2.392322596244897057e-02
0.000000000000000000e+00,-1.000000000000000021e-03,-8.999999999999999320e-03,1.799999999999999864e-02,2.371475449316172782e-02
0.000000000000000000e+00,-1.000000000000000021e-03,-8.999999999999999320e-03,1.899999999999999953e-02,2.392322596244897057e-02
0.000000000000000000e+00,-1.000000000000000021e-03,-8.000000000000000167e-03,1.899999999999999953e-02,2.321715823328153808e-02
0.000000000000000000e+00,-1.000000000000000021e-03,-6.000000000000000125e-03,1.799999999999999864e-02,2.254346365253308629e-02
0.000000000000000000e+00,-1.000000000000000021e-03,-4.000000000000000083e-03,1.499999999999999944e-02,1.969219414260158299e-02
0.000000000000000000e+00,-8.999999999999999754e-04,-1.000000000000000021e-02,1.600000000000000033e-02,2.296758530192467146e-02
0.000000000000000000e+00,-8.999999999999999754e-04,-1.000000000000000021e-02,1.799999999999999864e-02,2.349812016973801265e-02
0.000000000000000000e+00,-8.999999999999999754e-04,-8.999999999999999320e-03,1.799999999999999864e-02,2.349812016973801265e-02
0.000000000000000000e+00,-8.999999999999999754e-04,-8.000000000000000167e-03,1.400000000000000029e-02,2.140995052956611716e-02
0.000000000000000000e+00,-8.999999999999999754e-04,-7.000000000000000146e-03,1.899999999999999953e-02,2.288613216553010699e-02
0.000000000000000000e+00,-8.999999999999999754e-04,-6.000000000000000125e-03,1.200000000000000025e-02,2.066480175389140764e-02
0.000000000000000000e+00,-8.999999999999999754e-04,-4.000000000000000083e-03,1.899999999999999953e-02,2.080476260522902757e-02
0.000000000000000000e+00,-8.000000000000000383e-04,-1.000000000000000021e-02,1.099999999999999936e-02,2.088716278582079117e-02
0.000000000000000000e+00,-8.000000000000000383e-04,-1.000000000000000021e-02,1.499999999999999944e-02,2.144568656104484800e-02
0.000000000000000000e+00,-8.000000000000000383e-04,-1.000000000000000021e-02,1.700000000000000122e-02,2.327846364657271822e-02
0.000000000000000000e+00,-8.000000000000000383e-04,-1.000000000000000021e-02,1.799999999999999864e-02,2.333786043749398395e-02
0.000000000000000000e+00,-8.000000000000000383e-04,-7.000000000000000146e-03,1.299999999999999940e-02,2.123109108646901999e-02
0.000000000000000000e+00,-8.000000000000000383e-04,-7.000000000000000146e-03,1.499999999999999944e-02,2.144568656104484800e-02
0.000000000000000000e+00,-8.000000000000000383e-04,-6.000000000000000125e-03,1.799999999999999864e-02,2.222969913255474009e-02
0.000000000000000000e+00,-6.999999999999999929e-04,-1.000000000000000021e-02,8.999999999999999320e-03,1.961534943423922511e-02
0.000000000000000000e+00,-6.999999999999999929e-04,-1.000000000000000021e-02,1.899999999999999953e-02,2.313281339416075125e-02
0.000000000000000000e+00,-6.999999999999999929e-04,-8.999999999999999320e-03,1.600000000000000033e-02,2.242539614860479882e-02
0.000000000000000000e+00,-6.999999999999999929e-04,-8.999999999999999320e-03,1.700000000000000122e-02,2.284721951649607355e-02
0.000000000000000000e+00,-6.999999999999999929e-04,-7.000000000000000146e-03,1.700000000000000122e-02,2.212813425211210966e-02
0.000000000000000000e+00,-6.999999999999999929e-04,-6.000000000000000125e-03,8.000000000000000167e-03,1.811951767887652262e-02
0.000000000000000000e+00,-5.999999999999999474e-04,-8.999999999999999320e-03,1.799999999999999864e-02,2.292401747188231240e-02
0.000000000000000000e+00,-5.999999999999999474e-04,-8.000000000000000167e-03,1.799999999999999864e-02,2.224134382355868675e-02
0.000000000000000000e+00,-5.000000000000000104e-04,-7.000000000000000146e-03,1.799999999999999864e-02,2.210007647972118267e-02
0.000000000000000000e+00,-5.000000000000000104e-04,-5.000000000000000104e-03,4.000000000000000083e-03,1.317945999314067314e-02
0.000000000000000000e+00,-4.000000000000000192e-04,-8.999999999999999320e-03,1.499999999999999944e-02,2.050443738605932723e-02
0.000000000000000000e+00,-4.000000000000000192e-04,-8.999999999999999320e-03,1.700000000000000122e-02,2.229633262230736393e-02
0.000000000000000000e+00,-4.000000000000000192e-04,-8.000000000000000167e-03,1.899999999999999953e-02,2.197642059521863131e-02
0.000000000000000000e+00,-2.999999999999999737e-04,-7.000000000000000146e-03,1.200000000000000025e-02,1.939067516927403187e-02
0.000000000000000000e+00,-2.000000000000000096e-04,-5.000000000000000104e-03,1.499999999999999944e-02,1.957709147574778624e-02
0.000000000000000000e+00,-1.000000000000000048e-04,-1.000000000000000021e-02,2.000000000000000042e-03,9.312709628656601346e-03
0.000000000000000000e+00,-1.000000000000000048e-04,-1.000000000000000021e-02,5.000000000000000104e-03,1.434132813196161392e-02
0.000000000000000000e+00,-1.000000000000000048e-04,-1.000000000000000021e-02,7.000000000000000146e-03,1.693609537978359170e-02
0.000000000000000000e+00,-1.000000000000000048e-04,-1.000000000000000021e-02,8.999999999999999320e-03,1.809348225500031354e-02
0.000000000000000000e+00,-1.000000000000000048e-04,-1.000000000000000021e-02,1.000000000000000021e-02,1.876064735933254818e-02
0.000000000000000000e+00,-1.000000000000000048e-04,-1.000000000000000021e-02,1.099999999999999936e-02,1.884134307423381699e-02
0.000000000000000000e+00,-1.000000000000000048e-04,-1.000000000000000021e-02,1.299999999999999940e-02,1.914848590038327122e-02
0.000000000000000000e+00,-1.000000000000000048e-04,-1.000000000000000021e-02,1.499999999999999944e-02,1.926232580158997176e-02
0.000000000000000000e+00,-1.000000000000000048e-04,-1.000000000000000021e-02,1.600000000000000033e-02,2.065125935368122834e-02
0.000000000000000000e+00,-1.000000000000000048e-04,-1.000000000000000021e-02,1.700000000000000122e-02,2.098086497465334252e-02
0.000000000000000000e+00,-1.000000000000000048e-04,-1.000000000000000021e-02,1.899999999999999953e-02,2.130514631049619523e-02
0.000000000000000000e+00,-1.000000000000000048e-04,-8.999999999999999320e-03,8.000000000000000167e-03,1.734230045227059050e-02
0.000000000000000000e+00,-1.000000000000000048e-04,-8.999999999999999320e-03,1.000000000000000021e-02,1.876064735933254818e-02
0.000000000000000000e+00,-1.000000000000000048e-04,-8.000000000000000167e-03,1.000000000000000021e-02,1.876064735933254818e-02
0.000000000000000000e+00,-1.000000000000000048e-04,-8.000000000000000167e-03,1.099999999999999936e-02,1.884134307423381699e-02
0.000000000000000000e+00,-1.000000000000000048e-04,-8.000000000000000167e-03,1.799999999999999864e-02,2.041525365738492553e-02
0.000000000000000000e+00,-1.000000000000000048e-04,-7.000000000000000146e-03,6.000000000000000125e-03,1.561107294171532045e-02
0.000000000000000000e+00,-1.000000000000000048e-04,-7.000000000000000146e-03,8.999999999999999320e-03,1.798142779160967486e-02
0.000000000000000000e+00,-1.000000000000000048e-04,-7.000000000000000146e-03,1.499999999999999944e-02,1.926232580158997176e-02
0.000000000000000000e+00,-1.000000000000000048e-04,-7.000000000000000146e-03,1.899999999999999953e-02,2.051722788409044221e-02
0.000000000000000000e+00,-1.000000000000000048e-04,-6.000000000000000125e-03,2.000000000000000042e-03,8.883059947529612504e-03
0.000000000000000000e+00,-1.000000000000000048e-04,-6.000000000000000125e-03,6.000000000000000125e-03,1.521382295737348962e-02
0.000000000000000000e+00,-1.000000000000000048e-04,-6.000000000000000125e-03,1.099999999999999936e-02,1.786889761377944211e-02
0.000000000000000000e+00,-1.000000000000000048e-04,-6.000000000000000125e-03,1.499999999999999944e-02,1.875162719349628485e-02
0.000000000000000000e+00,-1.000000000000000048e-04,-6.000000000000000125e-03,1.899999999999999953e-02,2.016153729632694930e-02
0.000000000000000000e+00,-1.000000000000000048e-04,-5.000000000000000104e-03,1.099999999999999936e-02,1.782354969506733458e-02
0.000000000000000000e+00,-1.000000000000000048e-04,-5.000000000000000104e-03,1.799999999999999864e-02,1.966444658079071622e-02
0.000000000000000000e+00,-1.000000000000000048e-04,-4.000000000000000083e-03,2.000000000000000042e-03,8.125388913640990002e-03
0.000000000000000000e+00,-1.000000000000000048e-04,-4.000000000000000083e-03,4.000000000000000083e-03,1.171219395931455930e-02
0.000000000000000000e+00,-1.000000000000000048e-04,-4.000000000000000083e-03,5.000000000000000104e-03,1.292980931255195524e-02
0.000000000000000000e+00,-1.000000000000000048e-04,-4.000000000000000083e-03,6.000000000000000125e-03,1.426623021421505669e-02
0.000000000000000000e+00,-1.000000000000000048e-04,-4.000000000000000083e-03,8.000000000000000167e-03,1.558466923508094841e-02
0.000000000000000000e+00,-1.000000000000000048e-04,-4.000000000000000083e-03,8.999999999999999320e-03,1.630773317046171900e-02
0.000000000000000000e+00,-1.000000000000000048e-04,-4.000000000000000083e-03,1.299999999999999940e-02,1.765993067411826892e-02
0.000000000000000000e+00,-1.000000000000000048e-04,-4.000000000000000083e-03,1.400000000000000029e-02,1.766661579672897456e-02
0.000000000000000000e+00,-1.000000000000000048e-04,-4.000000000000000083e-03,1.899999999999999953e-02,1.891689142358447470e-02
1.000000000000000048e-04,-3.899999999999999821e-03,-7.000000000000000146e-03,1.200000000000000025e-02,1.001772296907750028e-02
1.000000000000000048e-04,-3.500000000000000073e-03,-8.999999999999999320e-03,7.000000000000000146e-03,1.171112914742230594e-02
1.000000000000000048e-04,-2.599999999999999881e-03,-8.999999999999999320e-03,3.000000000000000062e-03,1.035636721770724286e-02
1.000000000000000048e-04,-1.600000000000000077e-03,-1.000000000000000021e-02,1.799999999999999864e-02,2.191915385135876151e-02
1.000000000000000048e-04,-1.299999999999999940e-03,-7.000000000000000146e-03,1.000000000000000021e-02,2.057592488839705275e-02
1.000000000000000048e-04,-1.299999999999999940e-03,-4.000000000000000083e-03,1.700000000000000122e-02,2.003989663528071147e-02
1.000000000000000048e-04,-1.199999999999999895e-03,-8.999999999999999320e-03,1.899999999999999953e-02,2.348605294282212624e-02
1.000000000000000048e-04,-1.000000000000000021e-03,-8.999999999999999320e-03,1.799999999999999864e-02,2.374790560676447518e-02
1.000000000000000048e-04,-8.999999999999999754e-04,-8.999999999999999320e-03,1.799999999999999864e-02,2.367371573397321349e-02
1.000000000000000048e-04,-6.999999999999999929e-04,-7.000000000000000146e-03,7.000000000000000146e-03,1.800599311246463621e-02
1.000000000000000048e-04,-2.000000000000000096e-04,-4.000000000000000083e-03,1.099999999999999936e-02,1.776119979520248901e-02
1.000000000000000048e-04,-1.000000000000000048e-04,-1.000000000000000021e-02,1.499999999999999944e-02,1.972270393037509756e-02
1.000000000000000048e-04,-1.000000000000000048e-04,-8.999999999999999320e-03,1.299999999999999940e-02,1.957764883612907875e-02
1.000000000000000048e-04,-1.000000000000000048e-04,-7.000000000000000146e-03,1.200000000000000025e-02,1.904748675980687256e-02
1.000000000000000048e-04,-1.000000000000000048e-04,-7.000000000000000146e-03,1.700000000000000122e-02,2.088191918500869812e-02
1.000000000000000048e-04,-1.000000000000000048e-04,-4.000000000000000083e-03,1.600000000000000033e-02,1.915693889591532292e-02
1.000000000000000048e-04,-1.000000000000000048e-04,-4.000000000000000083e-03,1.899999999999999953e-02,1.937861968891901182e-02
2.000000000000000096e-04,-3.000000000000000062e-03,-7.000000000000000146e-03,1.499999999999999944e-02,1.308278882198844577e-02
2.000000000000000096e-04,-2.599999999999999881e-03,-8.999999999999999320e-03,4.000000000000000083e-03,1.215645951657146756e-02
2.000000000000000096e-04,-2.099999999999999870e-03,-8.000000000000000167e-03,1.899999999999999953e-02,1.930696310415398395e-02
2.000000000000000096e-04,-1.299999999999999940e-03,-1.000000000000000021e-02,1.600000000000000033e-02,2.252867784457627046e-02
2.000000000000000096e-04,-1.299999999999999940e-03,-1.000000000000000021e-02,1.799999999999999864e-02,2.308222106842800284e-02
2.000000000000000096e-04,-1.199999999999999895e-03,-8.000000000000000167e-03,1.000000000000000021e-02,2.092159554111233319e-02
2.000000000000000096e-04,-8.999999999999999754e-04,-8.999999999999999320e-03,1.799999999999999864e-02,2.365105642011751039e-02
2.000000000000000096e-04,-8.999999999999999754e-04,-6.000000000000000125e-03,1.899999999999999953e-02,2.265052341938396385e-02
2.000000000000000096e-04,-5.000000000000000104e-04,-5.000000000000000104e-03,1.899999999999999953e-02,2.188888202766926805e-02
2.000000000000000096e-04,-2.000000000000000096e-04,-8.000000000000000167e-03,7.000000000000000146e-03,1.756602873608056545e-02
2.000000000000000096e-04,-1.000000000000000048e-04,-1.000000000000000021e-02,1.099999999999999936e-02,1.911575986833881011e-02
2.000000000000000096e-04,-1.000000000000000048e-04,-1.000000000000000021e-02,1.899999999999999953e-02,2.177032217086808177e-02
2.000000000000000096e-04,-1.000000000000000048e-04,-7.000000000000000146e-03,1.700000000000000122e-02,2.091742447646761580e-02
2.000000000000000096e-04,-1.000000000000000048e-04,-5.000000000000000104e-03,1.700000000000000122e-02,2.036614706579099529e-02
2.999999999999999737e-04,-4.799999999999999580e-03,-5.000000000000000104e-03,3.000000000000000062e-03,7.062372727081435778e-03
2.999999999999999737e-04,-4.400000000000000265e-03,-6.000000000000000125e-03,5.000000000000000104e-03,8.196841319440298715e-03
2.999999999999999737e-04,-3.700000000000000164e-03,-8.000000000000000167e-03,1.700000000000000122e-02,1.071331798853411045e-02
2.999999999999999737e-04,-3.399999999999999811e-03,-8.999999999999999320e-03,1.899999999999999953e-02,1.345907882641749799e-02
2.999999999999999737e-04,-2.200000000000000133e-03,-8.999999999999999320e-03,1.200000000000000025e-02,1.709183344491523038e-02
2.999999999999999737e-04,-2.099999999999999870e-03,-1.000000000000000021e-02,1.200000000000000025e-02,1.755921966866119330e-02
2.999999999999999737e-04,-2.099999999999999870e-03,-4.000000000000000083e-03,1.200000000000000025e-02,1.490475294388960564e-02
2.999999999999999737e-04,-1.399999999999999986e-03,-1.000000000000000021e-02,1.799999999999999864e-02,2.293069570240378885e-02
2.999999999999999737e-04,-1.199999999999999895e-03,-8.999999999999999320e-03,1.799999999999999864e-02,2.336371758461941450e-02
2.999999999999999737e-04,-1.100000000000000066e-03,-1.000000000000000021e-02,1.099999999999999936e-02,2.130266010126777645e-02
2.999999999999999737e-04,-8.999999999999999754e-04,-1.000000000000000021e-02,1.700000000000000122e-02,2.359213188565008334e-02
2.999999999999999737e-04,-8.999999999999999754e-04,-8.999999999999999320e-03,1.700000000000000122e-02,2.359213188565008334e-02
2.999999999999999737e-04,-8.999999999999999754e-04,-8.000000000000000167e-03,1.499999999999999944e-02,2.168343304531346674e-02
2.999999999999999737e-04,-8.000000000000000383e-04,-5.000000000000000104e-03,1.799999999999999864e-02,2.210207150733530662e-02
2.999999999999999737e-04,-6.999999999999999929e-04,-1.000000000000000021e-02,1.700000000000000122e-02,2.326132698237137059e-02
2.999999999999999737e-04,-5.000000000000000104e-04,-7.000000000000000146e-03,1.799999999999999864e-02,2.266675698128202410e-02
2.999999999999999737e-04,-1.000000000000000048e-04,-1.000000000000000021e-02,8.999999999999999320e-03,1.868562291029614297e-02
2.999999999999999737e-04,-1.000000000000000048e-04,-8.999999999999999320e-03,1.799999999999999864e-02,2.185036649661038430e-02
4.000000000000000192e-04,-2.899999999999999800e-03,-8.999999999999999320e-03,1.299999999999999940e-02,1.363845233821220186e-02
4.000000000000000192e-04,-1.799999999999999951e-03,-8.999999999999999320e-03,1.899999999999999953e-02,2.154197308936851504e-02
4.000000000000000192e-04,-1.500000000000000031e-03,-7.000000000000000146e-03,1.700000000000000122e-02,2.134201641453681644e-02
4.000000000000000192e-04,-1.399999999999999986e-03,-1.000000000000000021e-02,1.899999999999999953e-02,2.292230578191907162e-02
4.000000000000000192e-04,-1.399999999999999986e-03,-7.000000000000000146e-03,3.000000000000000062e-03,1.196252055402962505e-02
4.000000000000000192e-04,-1.299999999999999940e-03,-8.000000000000000167e-03,1.899999999999999953e-02,2.251414291056837158e-02
4.000000000000000192e-04,-1.000000000000000021e-03,-6.000000000000000125e-03,1.600000000000000033e-02,2.163496235756108901e-02
4.000000000000000192e-04,-8.000000000000000383e-04,-1.000000000000000021e-02,1.799999999999999864e-02,2.335103709266819066e-02
4.000000000000000192e-04,-8.000000000000000383e-04,-8.999999999999999320e-03,1.799999999999999864e-02,2.335103709266819066e-02
4.000000000000000192e-04,-8.000000000000000383e-04,-8.999999999999999320e-03,1.899999999999999953e-02,2.335038207861072843e-02
4.000000000000000192e-04,-5.999999999999999474e-04,-1.000000000000000021e-02,1.600000000000000033e-02,2.297821418002110941e-02
4.000000000000000192e-04,-5.000000000000000104e-04,-7.000000000000000146e-03,2.000000000000000042e-03,9.357456865429292572e-03
4.000000000000000192e-04,-4.000000000000000192e-04,-6.000000000000000125e-03,1.299999999999999940e-02,2.006652528368301283e-02
4.000000000000000192e-04,-4.000000000000000192e-04,-6.000000000000000125e-03,1.799999999999999864e-02,2.151944972874763815e-02
4.000000000000000192e-04,-2.000000000000000096e-04,-7.000000000000000146e-03,1.700000000000000122e-02,2.186366661252061097e-02
4.000000000000000192e-04,-1.000000000000000048e-04,-1.000000000000000021e-02,1.600000000000000033e-02,2.167086975107383739e-02
4.000000000000000192e-04,-1.000000000000000048e-04,-8.000000000000000167e-03,1.600000000000000033e-02,2.122209459023575995e-02
4.000000000000000192e-04,-1.000000000000000048e-04,-6.000000000000000125e-03,1.000000000000000021e-02,1.853111810801342726e-02
5.000000000000000104e-04,-3.700000000000000164e-03,-1.000000000000000021e-02,1.200000000000000025e-02,1.063473260407018367e-02
5.000000000000000104e-04,-2.899999999999999800e-03,-8.999999999999999320e-03,5.000000000000000104e-03,1.174360911638003963e-02
5.000000000000000104e-04,-2.599999999999999881e-03,-7.000000000000000146e-03,1.400000000000000029e-02,1.542085431464696940e-02
5.000000000000000104e-04,-1.899999999999999996e-03,-8.999999999999999320e-03,5.000000000000000104e-03,1.502196908434991034e-02
5.000000000000000104e-04,-1.399999999999999986e-03,-8.000000000000000167e-03,1.899999999999999953e-02,2.205133657344249265e-02
5.000000000000000104e-04,-1.199999999999999895e-03,-5.000000000000000104e-03,1.700000000000000122e-02,2.117420939656513776e-02
5.000000000000000104e-04,-1.100000000000000066e-03,-7.000000000000000146e-03,1.799999999999999864e-02,2.257065732877610795e-02
5.000000000000000104e-04,-1.000000000000000021e-03,-8.999999999999999320e-03,1.899999999999999953e-02,2.354038623337546474e-02
5.000000000000000104e-04,-1.000000000000000021e-03,-7.000000000000000146e-03,1.400000000000000029e-02,2.122523574997399812e-02
5.000000000000000104e-04,-8.999999999999999754e-04,-8.999999999999999320e-03,1.200000000000000025e-02,2.108986276349146885e-02
5.000000000000000104e-04,-8.999999999999999754e-04,-8.999999999999999320e-03,1.600000000000000033e-02,2.302249739069870543e-02
5.000000000000000104e-04,-8.999999999999999754e-04,-8.999999999999999320e-03,1.700000000000000122e-02,2.333338261169447952e-02
5.000000000000000104e-04,-8.999999999999999754e-04,-6.000000000000000125e-03,1.700000000000000122e-02,2.166111893974394242e-02
5.000000000000000104e-04,-8.000000000000000383e-04,-1.000000000000000021e-02,1.899999999999999953e-02,2.330715635325080609e-02
5.000000000000000104e-04,-8.000000000000000383e-04,-8.999999999999999320e-03,1.700000000000000122e-02,2.325572275037183015e-02
5.000000000000000104e-04,-8.000000000000000383e-04,-8.000000000000000167e-03,1.600000000000000033e-02,2.248600299384262771e-02
5.000000000000000104e-04,-8.000000000000000383e-04,-8.000000000000000167e-03,1.700000000000000122e-02,2.253663748598786626e-02
5.000000000000000104e-04,-6.999999999999999929e-04,-1.000000000000000021e-02,1.299999999999999940e-02,2.156159363143509561e-02
5.000000000000000104e-04,-6.999999999999999929e-04,-8.999999999999999320e-03,1.600000000000000033e-02,2.304470599202295203e-02
5.000000000000000104e-04,-5.999999999999999474e-04,-8.000000000000000167e-03,1.099999999999999936e-02,2.115545724926714069e-02
5.000000000000000104e-04,-5.999999999999999474e-04,-7.000000000000000146e-03,1.899999999999999953e-02,2.277748469969148939e-02
5.000000000000000104e-04,-5.000000000000000104e-04,-8.999999999999999320e-03,1.700000000000000122e-02,2.359051913748488535e-02
5.000000000000000104e-04,-4.000000000000000192e-04,-8.999999999999999320e-03,1.899999999999999953e-02,2.347185305378568163e-02
5.000000000000000104e-04,-4.000000000000000192e-04,-7.000000000000000146e-03,4.000000000000000083e-03,1.408707730217521013e-02
5.000000000000000104e-04,-1.000000000000000048e-04,-6.000000000000000125e-03,1.899999999999999953e-02,2.123450979838300764e-02
5.000000000000000104e-04,-1.000000000000000048e-04,-5.000000000000000104e-03,1.899999999999999953e-02,2.092545283719512636e-02
5.999999999999999474e-04,-4.799999999999999580e-03,-1.000000000000000021e-02,8.000000000000000167e-03,1.003425396804732798e-02
5.999999999999999474e-04,-3.899999999999999821e-03,-5.000000000000000104e-03,1.600000000000000033e-02,8.542849068567441584e-03
5.999999999999999474e-04,-3.599999999999999901e-03,-7.000000000000000146e-03,8.000000000000000167e-03,1.136522403745767774e-02
5.999999999999999474e-04,-2.899999999999999800e-03,-7.000000000000000146e-03,3.000000000000000062e-03,1.033955900536406673e-02
5.999999999999999474e-04,-2.399999999999999790e-03,-5.000000000000000104e-03,1.899999999999999953e-02,1.593737508826536045e-02
5.999999999999999474e-04,-1.500000000000000031e-03,-1.000000000000000021e-02,8.999999999999999320e-03,1.935973612429660665e-02
5.999999999999999474e-04,-1.500000000000000031e-03,-8.000000000000000167e-03,6.000000000000000125e-03,1.686440342120635802e-02
5.999999999999999474e-04,-1.299999999999999940e-03,-8.999999999999999320e-03,8.000000000000000167e-03,1.893100719698095208e-02
5.999999999999999474e-04,-1.299999999999999940e-03,-7.000000000000000146e-03,1.200000000000000025e-02,2.038241037222599666e-02
5.999999999999999474e-04,-1.299999999999999940e-03,-6.000000000000000125e-03,1.000000000000000021e-02,1.964128667926011776e-02
5.999999999999999474e-04,-1.199999999999999895e-03,-8.999999999999999320e-03,1.899999999999999953e-02,2.347038780832951671e-02
5.999999999999999474e-04,-1.100000000000000066e-03,-6.000000000000000125e-03,1.600000000000000033e-02,2.181745435884389905e-02
5.999999999999999474e-04,-8.999999999999999754e-04,-6.000000000000000125e-03,1.899999999999999953e-02,2.219297844156919650e-02
5.999999999999999474e-04,-8.000000000000000383e-04,-1.000000000000000021e-02,1.899999999999999953e-02,2.360371877920020706e-02
5.999999999999999474e-04,-8.000000000000000383e-04,-8.000000000000000167e-03,1.600000000000000033e-02,2.283955535798158284e-02
5.999999999999999474e-04,-8.000000000000000383e-04,-6.000000000000000125e-03,1.899999999999999953e-02,2.202693452870423119e-02
5.999999999999999474e-04,-6.999999999999999929e-04,-8.999999999999999320e-03,1.799999999999999864e-02,2.361881232267002556e-02
5.999999999999999474e-04,-6.999999999999999929e-04,-8.999999999999999320e-03,1.899999999999999953e-02,2.371713951009818411e-02
5.999999999999999474e-04,-5.999999999999999474e-04,-7.000000000000000146e-03,1.600000000000000033e-02,2.290260017921950247e-02
5.999999999999999474e-04,-5.999999999999999474e-04,-7.000000000000000146e-03,1.799999999999999864e-02,2.298255631702236443e-02
5.999999999999999474e-04,-5.999999999999999474e-04,-5.000000000000000104e-03,1.499999999999999944e-02,2.099608377583954411e-02
5.999999999999999474e-04,-5.000000000000000104e-04,-8.000000000000000167e-03,1.600000000000000033e-02,2.304936088163007588e-02
5.999999999999999474e-04,-5.000000000000000104e-04,-7.000000000000000146e-03,1.899999999999999953e-02,2.313003854444088681e-02
5.999999999999999474e-04,-5.000000000000000104e-04,-6.000000000000000125e-03,1.700000000000000122e-02,2.205814585424313926e-02
5.999999999999999474e-04,-1.000000000000000048e-04,-8.999999999999999320e-03,1.700000000000000122e-02,2.282902863551452069e-02
5.999999999999999474e-04,-1.000000000000000048e-04,-8.999999999999999320e-03,1.899999999999999953e-02,2.305847247003890710e-02
5.999999999999999474e-04,-1.000000000000000048e-04,-8.000000000000000167e-03,1.299999999999999940e-02,2.091387438319557146e-02
5.999999999999999474e-04,-1.000000000000000048e-04,-8.000000000000000167e-03,1.400000000000000029e-02,2.114536038125388803e-02
5.999999999999999474e-04,-1.000000000000000048e-04,-7.000000000000000146e-03,3.000000000000000062e-03,1.188354362424313797e-02
5.999999999999999474e-04,-1.000000000000000048e-04,-5.000000000000000104e-03,1.700000000000000122e-02,2.108864815976801282e-02
5.999999999999999474e-04,-1.000000000000000048e-04,-4.000000000000000083e-03,1.099999999999999936e-02,1.918782701453421863e-02
6.999999999999999929e-04,-2.299999999999999961e-03,-5.000000000000000104e-03,4.000000000000000083e-03,1.138357781020028249e-02
6.999999999999999929e-04,-1.399999999999999986e-03,-5.000000000000000104e-03,1.299999999999999940e-02,1.924777290040488933e-02
6.999999999999999929e-04,-1.000000000000000021e-03,-8.999999999999999320e-03,1.899999999999999953e-02,2.392606915197922554e-02
6.999999999999999929e-04,-1.000000000000000021e-03,-8.000000000000000167e-03,8.000000000000000167e-03,1.893081676135685912e-02
6.999999999999999929e-04,-8.999999999999999754e-04,-4.000000000000000083e-03,1.700000000000000122e-02,2.110933910909379776e-02
6.999999999999999929e-04,-8.000000000000000383e-04,-1.000000000000000021e-02,1.600000000000000033e-02,2.289226647983653301e-02
6.999999999999999929e-04,-8.000000000000000383e-04,-1.000000000000000021e-02,1.899999999999999953e-02,2.389017131318176695e-02
6.999999999999999929e-04,-8.000000000000000383e-04,-8.999999999999999320e-03,1.400000000000000029e-02,2.228646246432903349e-02
6.999999999999999929e-04,-8.000000000000000383e-04,-8.999999999999999320e-03,1.499999999999999944e-02,2.237502436863425537e-02
6.999999999999999929e-04,-8.000000000000000383e-04,-8.999999999999999320e-03,1.899999999999999953e-02,2.389017131318176695e-02
6.999999999999999929e-04,-8.000000000000000383e-04,-7.000000000000000146e-03,1.799999999999999864e-02,2.299045655624237794e-02
6.999999999999999929e-04,-8.000000000000000383e-04,-5.000000000000000104e-03,1.799999999999999864e-02,2.183810374627830064e-02
6.999999999999999929e-04,-6.999999999999999929e-04,-8.000000000000000167e-03,1.700000000000000122e-02,2.292473075961921555e-02
6.999999999999999929e-04,-5.999999999999999474e-04,-1.000000000000000021e-02,1.700000000000000122e-02,2.292121959019926755e-02
6.999999999999999929e-04,-5.999999999999999474e-04,-1.000000000000000021e-02,1.899999999999999953e-02,2.399263604981062212e-02
6.999999999999999929e-04,-5.999999999999999474e-04,-8.999999999999999320e-03,1.899999999999999953e-02,2.399263604981062212e-02
6.999999999999999929e-04,-5.999999999999999474e-04,-8.000000000000000167e-03,1.899999999999999953e-02,2.330780073884907572e-02
6.999999999999999929e-04,-5.000000000000000104e-04,-8.999999999999999320e-03,1.600000000000000033e-02,2.314138644628504701e-02
6.999999999999999929e-04,-5.000000000000000104e-04,-7.000000000000000146e-03,1.400000000000000029e-02,2.264089973406744477e-02
6.999999999999999929e-04,-2.000000000000000096e-04,-8.000000000000000167e-03,1.799999999999999864e-02,2.298804159686733059e-02
6.999999999999999929e-04,-1.000000000000000048e-04,-1.000000000000000021e-02,1.600000000000000033e-02,2.251882757285884884e-02
6.999999999999999929e-04,-1.000000000000000048e-04,-8.000000000000000167e-03,1.899999999999999953e-02,2.279560717957950997e-02
6.999999999999999929e-04,-1.000000000000000048e-04,-7.000000000000000146e-03,1.499999999999999944e-02,2.211142279341010708e-02
8.000000000000000383e-04,-4.700000000000000185e-03,-8.999999999999999320e-03,1.099999999999999936e-02,1.023408318181449547e-02
8.000000000000000383e-04,-3.700000000000000164e-03,-8.999999999999999320e-03,1.799999999999999864e-02,1.130367029711848784e-02
8.000000000000000383e-04,-3.399999999999999811e-03,-4.000000000000000083e-03,7.000000000000000146e-03,9.346340477205589137e-03
8.000000000000000383e-04,-2.099999999999999870e-03,-8.000000000000000167e-03,1.499999999999999944e-02,1.892960726609212510e-02
8.000000000000000383e-04,-1.299999999999999940e-03,-7.000000000000000146e-03,1.899999999999999953e-02,2.224503212887705278e-02
8.000000000000000383e-04,-1.100000000000000066e-03,-6.000000000000000125e-03,1.899999999999999953e-02,2.209336393344372290e-02
8.000000000000000383e-04,-1.000000000000000021e-03,-8.000000000000000167e-03,1.299999999999999940e-02,2.184973427215365291e-02
8.000000000000000383e-04,-8.999999999999999754e-04,-1.000000000000000021e-02,1.499999999999999944e-02,2.244440442566564622e-02
8.000000000000000383e-04,-8.999999999999999754e-04,-8.000000000000000167e-03,1.499999999999999944e-02,2.244440442566564622e-02
8.000000000000000383e-04,-8.999999999999999754e-04,-7.000000000000000146e-03,1.499999999999999944e-02,2.244440442566564622e-02
8.000000000000000383e-04,-8.000000000000000383e-04,-1.000000000000000021e-02,1.600000000000000033e-02,2.304819341561981441e-02
8.000000000000000383e-04,-6.999999999999999929e-04,-1.000000000000000021e-02,1.799999999999999864e-02,2.336828834199761867e-02
8.000000000000000383e-04,-6.999999999999999929e-04,-8.999999999999999320e-03,1.799999999999999864e-02,2.336828834199761867e-02
8.000000000000000383e-04,-6.999999999999999929e-04,-8.000000000000000167e-03,1.799999999999999864e-02,2.336828834199761867e-02
8.000000000000000383e-04,-6.999999999999999929e-04,-8.000000000000000167e-03,1.899999999999999953e-02,2.347153900153398434e-02
8.000000000000000383e-04,-6.999999999999999929e-04,-7.000000000000000146e-03,1.700000000000000122e-02,2.308308716177610159e-02
8.000000000000000383e-04,-5.000000000000000104e-04,-6.000000000000000125e-03,1.799999999999999864e-02,2.262392813196009364e-02
8.000000000000000383e-04,-4.000000000000000192e-04,-6.000000000000000125e-03,6.000000000000000125e-03,1.614640148906802339e-02
8.000000000000000383e-04,-2.999999999999999737e-04,-5.000000000000000104e-03,1.600000000000000033e-02,2.187705088967474565e-02
8.000000000000000383e-04,-2.000000000000000096e-04,-8.000000000000000167e-03,1.499999999999999944e-02,2.248445902802613180e-02
8.000000000000000383e-04,-2.000000000000000096e-04,-7.000000000000000146e-03,1.600000000000000033e-02,2.289197126555034614e-02
8.000000000000000383e-04,-1.000000000000000048e-04,-1.000000000000000021e-02,1.700000000000000122e-02,2.253337728900186437e-02
8.000000000000000383e-04,-1.000000000000000048e-04,-1.000000000000000021e-02,1.899999999999999953e-02,2.340103014033547910e-02
8.000000000000000383e-04,-1.000000000000000048e-04,-8.000000000000000167e-03,1.700000000000000122e-02,2.253337728900186437e-02
8.999999999999999754e-04,-3.099999999999999891e-03,-5.000000000000000104e-03,7.000000000000000146e-03,1.178092997662171827e-02
8.999999999999999754e-04,-2.299999999999999961e-03,-4.000000000000000083e-03,8.000000000000000167e-03,1.476980603464885487e-02
8.999999999999999754e-04,-1.899999999999999996e-03,-4.000000000000000083e-03,7.000000000000000146e-03,1.545466657388194429e-02
8.999999999999999754e-04,-1.699999999999999905e-03,-6.000000000000000125e-03,1.200000000000000025e-02,1.839803745163855545e-02
8.999999999999999754e-04,-1.399999999999999986e-03,-7.000000000000000146e-03,1.400000000000000029e-02,2.078889499268466931e-02
8.999999999999999754e-04,-1.199999999999999895e-03,-8.000000000000000167e-03,1.299999999999999940e-02,2.135935093621534747e-02
8.999999999999999754e-04,-1.199999999999999895e-03,-6.000000000000000125e-03,8.999999999999999320e-03,1.945768275286308135e-02
8.999999999999999754e-04,-1.199999999999999895e-03,-6.000000000000000125e-03,1.799999999999999864e-02,2.194928478583228759e-02
8.999999999999999754e-04,-1.100000000000000066e-03,-4.000000000000000083e-03,1.600000000000000033e-02,2.164702573899830382e-02
8.999999999999999754e-04,-1.000000000000000021e-03,-1.000000000000000021e-02,1.299999999999999940e-02,2.187054982557196797e-02
8.999999999999999754e-04,-1.000000000000000021e-03,-1.000000000000000021e-02,1.899999999999999953e-02,2.382898141071001022e-02
8.999999999999999754e-04,-1.000000000000000021e-03,-8.999999999999999320e-03,1.499999999999999944e-02,2.211487986752418838e-02
8.999999999999999754e-04,-8.999999999999999754e-04,-8.999999999999999320e-03,1.899999999999999953e-02,2.396705585251731468e-02
8.999999999999999754e-04,-8.999999999999999754e-04,-8.000000000000000167e-03,8.999999999999999320e-03,2.038214008234718461e-02
8.999999999999999754e-04,-8.000000000000000383e-04,-8.999999999999999320e-03,1.000000000000000021e-02,2.148901123777871222e-02
8.999999999999999754e-04,-8.000000000000000383e-04,-8.999999999999999320e-03,1.899999999999999953e-02,2.390374896598459684e-02
8.999999999999999754e-04,-8.000000000000000383e-04,-7.000000000000000146e-03,1.899999999999999953e-02,2.301515633812095327e-02
8.999999999999999754e-04,-6.999999999999999929e-04,-1.000000000000000021e-02,1.899999999999999953e-02,2.405298284556263086e-02
8.999999999999999754e-04,-6.999999999999999929e-04,-8.999999999999999320e-03,1.000000000000000021e-02,2.162850963349772712e-02
8.999999999999999754e-04,-6.999999999999999929e-04,-8.999999999999999320e-03,1.899999999999999953e-02,2.405298284556263086e-02
8.999999999999999754e-04,-6.999999999999999929e-04,-8.000000000000000167e-03,1.099999999999999936e-02,2.151522383684879164e-02
8.999999999999999754e-04,-6.999999999999999929e-04,-8.000000000000000167e-03,1.899999999999999953e-02,2.343378504410694937e-02
8.999999999999999754e-04,-5.999999999999999474e-04,-1.000000000000000021e-02,1.400000000000000029e-02,2.243690392700348549e-02
8.999999999999999754e-04,-5.999999999999999474e-04,-8.999999999999999320e-03,1.400000000000000029e-02,2.243690392700348549e-02
8.999999999999999754e-04,-5.999999999999999474e-04,-8.999999999999999320e-03,1.899999999999999953e-02,2.408026081294055085e-02
8.999999999999999754e-04,-5.999999999999999474e-04,-7.000000000000000146e-03,1.700000000000000122e-02,2.317275182620281287e-02
8.999999999999999754e-04,-5.999999999999999474e-04,-7.000000000000000146e-03,1.799999999999999864e-02,2.318637090405610904e-02
8.999999999999999754e-04,-5.999999999999999474e-04,-5.000000000000000104e-03,1.899999999999999953e-02,2.255103437660323923e-02
8.999999999999999754e-04,-5.000000000000000104e-04,-8.999999999999999320e-03,1.899999999999999953e-02,2.424250549510216513e-02
8.999999999999999754e-04,-5.000000000000000104e-04,-6.000000000000000125e-03,1.899999999999999953e-02,2.299933033569438387e-02
8.999999999999999754e-04,-4.000000000000000192e-04,-8.999999999999999320e-03,1.899999999999999953e-02,2.430272625878432055e-02
8.999999999999999754e-04,-2.999999999999999737e-04,-6.000000000000000125e-03,1.799999999999999864e-02,2.224413904352245258e-02
8.999999999999999754e-04,-2.000000000000000096e-04,-1.000000000000000021e-02,1.799999999999999864e-02,2.289237813897963131e-02
8.999999999999999754e-04,-1.000000000000000048e-04,-1.000000000000000021e-02,1.499999999999999944e-02,2.211665956529537333e-02
8.999999999999999754e-04,-1.000000000000000048e-04,-1.000000000000000021e-02,1.899999999999999953e-02,2.348346324398191756e-02
8.999999999999999754e-04,-1.000000000000000048e-04,-8.999999999999999320e-03,1.799999999999999864e-02,2.263544333665962541e-02
8.999999999999999754e-04,-1.000000000000000048e-04,-8.000000000000000167e-03,1.299999999999999940e-02,2.181419727167434666e-02
8.999999999999999754e-04,-1.000000000000000048e-04,-8.000000000000000167e-03,1.899999999999999953e-02,2.287204949777998583e-02
8.999999999999999754e-04,-1.000000000000000048e-04,-7.000000000000000146e-03,1.700000000000000122e-02,2.255010930292700513e-02
8.999999999999999754e-04,-1.000000000000000048e-04,-6.000000000000000125e-03,1.299999999999999940e-02,2.067855288510305270e-02
8.999999999999999754e-04,-1.000000000000000048e-04,-6.000000000000000125e-03,1.700000000000000122e-02,2.191067538312392246e-02
1.000000000000000021e-03,-3.599999999999999901e-03,-8.999999999999999320e-03,3.000000000000000062e-03,1.100724545139340066e-02
1.000000000000000021e-03,-3.099999999999999891e-03,-4.000000000000000083e-03,1.299999999999999940e-02,1.196122398814845195e-02
1.000000000000000021e-03,-3.000000000000000062e-03,-7.000000000000000146e-03,2.000000000000000042e-03,1.001015998242272761e-02
1.000000000000000021e-03,-2.200000000000000133e-03,-1.000000000000000021e-02,1.600000000000000033e-02,1.834771942803119574e-02
1.000000000000000021e-03,-1.600000000000000077e-03,-6.000000000000000125e-03,5.000000000000000104e-03,1.504679959183798793e-02
1.000000000000000021e-03,-1.299999999999999940e-03,-1.000000000000000021e-02,1.099999999999999936e-02,2.045735864592573491e-02
1.000000000000000021e-03,-1.199999999999999895e-03,-4.000000000000000083e-03,1.400000000000000029e-02,1.988934738235664801e-02
1.000000000000000021e-03,-1.100000000000000066e-03,-1.000000000000000021e-02,1.499999999999999944e-02,2.168690446807426675e-02
1.000000000000000021e-03,-1.100000000000000066e-03,-1.000000000000000021e-02,1.700000000000000122e-02,2.234224486768210394e-02
1.000000000000000021e-03,-1.100000000000000066e-03,-4.000000000000000083e-03,1.799999999999999864e-02,2.145900693725077621e-02
1.000000000000000021e-03,-1.000000000000000021e-03,-5.000000000000000104e-03,1.200000000000000025e-02,2.007289889757066931e-02
1.000000000000000021e-03,-1.000000000000000021e-03,-4.000000000000000083e-03,1.899999999999999953e-02,2.155694148618785347e-02
1.000000000000000021e-03,-8.000000000000000383e-04,-8.999999999999999320e-03,1.799999999999999864e-02,2.281144658804464681e-02
1.000000000000000021e-03,-8.000000000000000383e-04,-7.000000000000000146e-03,1.600000000000000033e-02,2.278308945692438664e-02
1.000000000000000021e-03,-6.999999999999999929e-04,-8.999999999999999320e-03,1.299999999999999940e-02,2.196986157582900626e-02
1.000000000000000021e-03,-6.999999999999999929e-04,-8.999999999999999320e-03,1.899999999999999953e-02,2.376872428894342970e-02
1.000000000000000021e-03,-6.999999999999999929e-04,-4.000000000000000083e-03,1.700000000000000122e-02,2.191790905949824245e-02
1.000000000000000021e-03,-5.999999999999999474e-04,-8.999999999999999320e-03,1.899999999999999953e-02,2.378115472112870762e-02
1.000000000000000021e-03,-5.999999999999999474e-04,-8.000000000000000167e-03,1.799999999999999864e-02,2.287982258454218654e-02
1.000000000000000021e-03,-5.999999999999999474e-04,-5.000000000000000104e-03,1.899999999999999953e-02,2.227394450704231130e-02
1.000000000000000021e-03,-5.000000000000000104e-04,-1.000000000000000021e-02,1.899999999999999953e-02,2.396100507800726087e-02
1.000000000000000021e-03,-2.999999999999999737e-04,-8.000000000000000167e-03,1.600000000000000033e-02,2.271223024328512807e-02
1.000000000000000021e-03,-1.000000000000000048e-04,-1.000000000000000021e-02,1.200000000000000025e-02,2.132759800017337143e-02
1.000000000000000021e-03,-1.000000000000000048e-04,-8.999999999999999320e-03,1.600000000000000033e-02,2.243169098938764539e-02
1.000000000000000021e-03,-1.000000000000000048e-04,-8.999999999999999320e-03,1.899999999999999953e-02,2.333293731593811399e-02
1.000000000000000021e-03,-1.000000000000000048e-04,-8.000000000000000167e-03,1.000000000000000021e-02,2.120658784999472635e-02
1.000000000000000021e-03,-1.000000000000000048e-04,-7.000000000000000146e-03,1.099999999999999936e-02,2.112863216382979831e-02
1.100000000000000066e-03,-3.599999999999999901e-03,-6.000000000000000125e-03,1.899999999999999953e-02,1.097878257773825424e-02
1.100000000000000066e-03,-2.700000000000000143e-03,-8.999999999999999320e-03,1.899999999999999953e-02,1.638380905916389865e-02
1.100000000000000066e-03,-2.700000000000000143e-03,-6.000000000000000125e-03,4.000000000000000083e-03,1.205920142438073571e-02
1.100000000000000066e-03,-2.500000000000000052e-03,-1.000000000000000021e-02,1.899999999999999953e-02,1.811767989520268046e-02
1.100000000000000066e-03,-1.199999999999999895e-03,-8.999999999999999320e-03,6.000000000000000125e-03,1.671687381358015825e-02
1.100000000000000066e-03,-1.199999999999999895e-03,-8.999999999999999320e-03,1.899999999999999953e-02,2.284135755283277572e-02
1.100000000000000066e-03,-1.199999999999999895e-03,-6.000000000000000125e-03,1.400000000000000029e-02,2.004951372647502741e-02
1.100000000000000066e-03,-1.000000000000000021e-03,-1.000000000000000021e-02,1.600000000000000033e-02,2.251800009122242180e-02
1.100000000000000066e-03,-1.000000000000000021e-03,-8.000000000000000167e-03,1.099999999999999936e-02,2.100552315140087611e-02
1.100000000000000066e-03,-1.000000000000000021e-03,-7.000000000000000146e-03,1.899999999999999953e-02,2.255681151379137356e-02
1.100000000000000066e-03,-1.000000000000000021e-03,-4.000000000000000083e-03,1.899999999999999953e-02,2.164739571126091111e-02
1.100000000000000066e-03,-8.999999999999999754e-04,-8.000000000000000167e-03,1.000000000000000021e-02,2.125963755908808969e-02
1.100000000000000066e-03,-8.999999999999999754e-04,-8.000000000000000167e-03,1.400000000000000029e-02,2.211106620916573548e-02
1.100000000000000066e-03,-8.999999999999999754e-04,-5.000000000000000104e-03,1.899999999999999953e-02,2.204603870078638075e-02
1.100000000000000066e-03,-8.000000000000000383e-04,-6.000000000000000125e-03,1.400000000000000029e-02,2.118941955295768759e-02
1.100000000000000066e-03,-6.999999999999999929e-04,-7.000000000000000146e-03,1.499999999999999944e-02,2.240358607829654944e-02
1.100000000000000066e-03,-5.999999999999999474e-04,-5.000000000000000104e-03,1.700000000000000122e-02,2.216600259087472477e-02
1.100000000000000066e-03,-5.000000000000000104e-04,-8.000000000000000167e-03,1.400000000000000029e-02,2.237365714389064411e-02
1.100000000000000066e-03,-1.000000000000000048e-04,-1.000000000000000021e-02,1.000000000000000021e-02,2.111477333780555077e-02
1.100000000000000066e-03,-1.000000000000000048e-04,-1.000000000000000021e-02,1.700000000000000122e-02,2.230925418232303920e-02
1.100000000000000066e-03,-1.000000000000000048e-04,-8.999999999999999320e-03,1.099999999999999936e-02,2.106621385691060527e-02
1.100000000000000066e-03,-1.000000000000000048e-04,-8.999999999999999320e-03,1.400000000000000029e-02,2.178012474213413333e-02
1.100000000000000066e-03,-1.000000000000000048e-04,-8.000000000000000167e-03,1.700000000000000122e-02,2.230925418232303920e-02
1.100000000000000066e-03,-1.000000000000000048e-04,-8.000000000000000167e-03,1.899999999999999953e-02,2.269746803394374554e-02
1.100000000000000066e-03,-1.000000000000000048e-04,-7.000000000000000146e-03,1.299999999999999940e-02,2.165442862534741261e-02
1.100000000000000066e-03,-1.000000000000000048e-04,-6.000000000000000125e-03,1.000000000000000021e-02,2.013127970509093895e-02
1.199999999999999895e-03,-2.700000000000000143e-03,-4.000000000000000083e-03,4.000000000000000083e-03,1.069384322573893771e-02
1.199999999999999895e-03,-1.500000000000000031e-03,-1.000000000000000021e-02,8.999999999999999320e-03,1.875746326696684646e-02
1.199999999999999895e-03,-1.199999999999999895e-03,-1.000000000000000021e-02,1.899999999999999953e-02,2.246644875911683534e-02
1.199999999999999895e-03,-1.100000000000000066e-03,-1.000000000000000021e-02,8.999999999999999320e-03,1.968390889394910914e-02
1.199999999999999895e-03,-1.100000000000000066e-03,-8.000000000000000167e-03,1.600000000000000033e-02,2.183014927371717401e-02
1.199999999999999895e-03,-1.100000000000000066e-03,-4.000000000000000083e-03,5.000000000000000104e-03,1.513911546573866798e-02
1.199999999999999895e-03,-1.000000000000000021e-03,-7.000000000000000146e-03,1.000000000000000021e-02,2.085580462281222056e-02
1.199999999999999895e-03,-1.000000000000000021e-03,-7.000000000000000146e-03,1.099999999999999936e-02,2.065742167920765412e-02
1.199999999999999895e-03,-1.000000000000000021e-03,-5.000000000000000104e-03,1.600000000000000033e-02,2.154701581499324226e-02
1.199999999999999895e-03,-8.999999999999999754e-04,-8.000000000000000167e-03,8.999999999999999320e-03,1.977532610943449898e-02
1.199999999999999895e-03,-2.999999999999999737e-04,-1.000000000000000021e-02,1.899999999999999953e-02,2.320488644443575305e-02
1.199999999999999895e-03,-2.999999999999999737e-04,-6.000000000000000125e-03,1.899999999999999953e-02,2.199023308895135809e-02
1.199999999999999895e-03,-2.000000000000000096e-04,-6.000000000000000125e-03,1.600000000000000033e-02,2.175807790487445034e-02
1.199999999999999895e-03,-1.000000000000000048e-04,-1.000000000000000021e-02,1.200000000000000025e-02,2.100198275545537424e-02
1.199999999999999895e-03,-1.000000000000000048e-04,-1.000000000000000021e-02,1.799999999999999864e-02,2.213952206129753131e-02
1.199999999999999895e-03,-1.000000000000000048e-04,-8.999999999999999320e-03,1.000000000000000021e-02,2.079473268076349399e-02
1.199999999999999895e-03,-1.000000000000000048e-04,-8.999999999999999320e-03,1.600000000000000033e-02,2.208330795003453362e-02
1.199999999999999895e-03,-1.000000000000000048e-04,-7.000000000000000146e-03,8.999999999999999320e-03,1.957254211554273690e-02
1.199999999999999895e-03,-1.000000000000000048e-04,-7.000000000000000146e-03,1.799999999999999864e-02,2.213952206129753131e-02
1.199999999999999895e-03,-1.000000000000000048e-04,-6.000000000000000125e-03,1.000000000000000021e-02,1.981365098618562484e-02
1.199999999999999895e-03,-1.000000000000000048e-04,-5.000000000000000104e-03,1.200000000000000025e-02,1.985268760798882329e-02
1.199999999999999895e-03,-1.000000000000000048e-04,-5.000000000000000104e-03,1.400000000000000029e-02,2.036584999930387760e-02
1.199999999999999895e-03,-1.000000000000000048e-04,-4.000000000000000083e-03,1.499999999999999944e-02,2.057697757010792244e-02
1.199999999999999895e-03,-1.000000000000000048e-04,-4.000000000000000083e-03,1.799999999999999864e-02,2.128364284665301351e-02
1.299999999999999940e-03,-4.899999999999999842e-03,-4.000000000000000083e-03,3.000000000000000062e-03,8.414989512039989725e-03
1.299999999999999940e-03,-2.599999999999999881e-03,-1.000000000000000021e-02,1.400000000000000029e-02,1.581756198740844055e-02
1.299999999999999940e-03,-1.000000000000000021e-03,-1.000000000000000021e-02,1.099999999999999936e-02,2.068334794798836265e-02
1.299999999999999940e-03,-1.000000000000000021e-03,-8.000000000000000167e-03,1.000000000000000021e-02,2.077443048011022586e-02
1.299999999999999940e-03,-1.000000000000000021e-03,-5.000000000000000104e-03,1.600000000000000033e-02,2.146651808512846024e-02
1.299999999999999940e-03,-8.999999999999999754e-04,-6.000000000000000125e-03,1.700000000000000122e-02,2.144350973609307834e-02
1.299999999999999940e-03,-8.000000000000000383e-04,-7.000000000000000146e-03,1.299999999999999940e-02,2.147684970288686601e-02
1.299999999999999940e-03,-2.000000000000000096e-04,-8.999999999999999320e-03,1.799999999999999864e-02,2.227700329760592610e-02
1.299999999999999940e-03,-1.000000000000000048e-04,-8.999999999999999320e-03,1.299999999999999940e-02,2.127429631276454847e-02
1.299999999999999940e-03,-1.000000000000000048e-04,-8.999999999999999320e-03,1.899999999999999953e-02,2.284448144267897662e-02
1.299999999999999940e-03,-1.000000000000000048e-04,-8.000000000000000167e-03,1.299999999999999940e-02,2.127429631276454847e-02
1.299999999999999940e-03,-1.000000000000000048e-04,-7.000000000000000146e-03,1.700000000000000122e-02,2.190115120858763392e-02
1.299999999999999940e-03,-1.000000000000000048e-04,-7.000000000000000146e-03,1.899999999999999953e-02,2.196687900508432698e-02
1.299999999999999940e-03,-1.000000000000000048e-04,-6.000000000000000125e-03,1.499999999999999944e-02,2.052704508527621041e-02
1.299999999999999940e-03,-1.000000000000000048e-04,-6.000000000000000125e-03,1.799999999999999864e-02,2.141144481154060031e-02
1.299999999999999940e-03,-1.000000000000000048e-04,-5.000000000000000104e-03,1.700000000000000122e-02,2.130641749451921488e-02
1.299999999999999940e-03,-1.000000000000000048e-04,-5.000000000000000104e-03,1.899999999999999953e-02,2.130041778040188405e-02
1.299999999999999940e-03,-1.000000000000000048e-04,-4.000000000000000083e-03,1.899999999999999953e-02,2.130041778040188405e-02
1.399999999999999986e-03,-4.499999999999999660e-03,-8.000000000000000167e-03,8.999999999999999320e-03,1.152863482785303380e-02
1.399999999999999986e-03,-4.199999999999999740e-03,-7.000000000000000146e-03,1.400000000000000029e-02,1.091298664575528730e-02
1.399999999999999986e-03,-3.399999999999999811e-03,-5.000000000000000104e-03,1.899999999999999953e-02,1.073042901000017223e-02
1.399999999999999986e-03,-2.899999999999999800e-03,-6.000000000000000125e-03,8.999999999999999320e-03,1.342528545079669372e-02
1.399999999999999986e-03,-2.799999999999999972e-03,-6.000000000000000125e-03,1.799999999999999864e-02,1.353014818443433638e-02
1.399999999999999986e-03,-2.099999999999999870e-03,-4.000000000000000083e-03,1.200000000000000025e-02,1.603397977374120681e-02
1.399999999999999986e-03,-1.699999999999999905e-03,-1.000000000000000021e-02,5.000000000000000104e-03,1.512434852499166746e-02
1.399999999999999986e-03,-1.299999999999999940e-03,-1.000000000000000021e-02,1.200000000000000025e-02,1.988480087603448562e-02
1.399999999999999986e-03,-1.199999999999999895e-03,-1.000000000000000021e-02,1.400000000000000029e-02,2.053987283400923389e-02
1.399999999999999986e-03,-1.199999999999999895e-03,-7.000000000000000146e-03,7.000000000000000146e-03,1.760942275629176837e-02
1.399999999999999986e-03,-1.000000000000000021e-03,-8.000000000000000167e-03,1.899999999999999953e-02,2.190060414045843368e-02
1.399999999999999986e-03,-5.999999999999999474e-04,-7.000000000000000146e-03,1.600000000000000033e-02,2.207953936015063026e-02
1.399999999999999986e-03,-1.000000000000000048e-04,-1.000000000000000021e-02,1.000000000000000021e-02,2.053682255715112009e-02
1.399999999999999986e-03,-1.000000000000000048e-04,-8.999999999999999320e-03,1.099999999999999936e-02,2.045925579933481619e-02
1.399999999999999986e-03,-1.000000000000000048e-04,-8.000000000000000167e-03,1.499999999999999944e-02,2.146280858370372066e-02
1.399999999999999986e-03,-1.000000000000000048e-04,-7.000000000000000146e-03,1.899999999999999953e-02,2.171908405804008624e-02
1.399999999999999986e-03,-1.000000000000000048e-04,-4.000000000000000083e-03,1.600000000000000033e-02,2.110977045287956363e-02
1.399999999999999986e-03,-1.000000000000000048e-04,-4.000000000000000083e-03,1.799999999999999864e-02,2.093312605158244993e-02
1.399999999999999986e-03,-1.000000000000000048e-04,-4.000000000000000083e-03,1.899999999999999953e-02,2.105754799732130131e-02
1.500000000000000031e-03,-4.599999999999999922e-03,-6.000000000000000125e-03,5.000000000000000104e-03,9.482778997358878512e-03
1.500000000000000031e-03,-3.299999999999999982e-03,-8.999999999999999320e-03,8.999999999999999320e-03,1.354042690006429864e-02
1.500000000000000031e-03,-2.599999999999999881e-03,-8.999999999999999320e-03,1.400000000000000029e-02,1.550458905664291523e-02
1.500000000000000031e-03,-2.399999999999999790e-03,-4.000000000000000083e-03,6.000000000000000125e-03,1.281204204753383716e-02
1.500000000000000031e-03,-2.299999999999999961e-03,-6.000000000000000125e-03,1.600000000000000033e-02,1.662302283043011475e-02
1.500000000000000031e-03,-1.100000000000000066e-03,-6.000000000000000125e-03,8.000000000000000167e-03,1.756141745749260560e-02
1.500000000000000031e-03,-8.999999999999999754e-04,-6.000000000000000125e-03,1.099999999999999936e-02,1.899127569975496768e-02
1.500000000000000031e-03,-4.000000000000000192e-04,-6.000000000000000125e-03,6.000000000000000125e-03,1.623346721410350718e-02
1.500000000000000031e-03,-1.000000000000000048e-04,-1.000000000000000021e-02,1.200000000000000025e-02,2.030380495160681587e-02
1.500000000000000031e-03,-1.000000000000000048e-04,-8.000000000000000167e-03,8.000000000000000167e-03,1.813477244354568668e-02
1.500000000000000031e-03,-1.000000000000000048e-04,-4.000000000000000083e-03,1.299999999999999940e-02,1.944310751785373326e-02
1.600000000000000077e-03,-3.299999999999999982e-03,-8.000000000000000167e-03,1.099999999999999936e-02,1.313102337735442757e-02
1.600000000000000077e-03,-2.899999999999999800e-03,-4.000000000000000083e-03,2.000000000000000042e-03,7.925866651704471799e-03
1.600000000000000077e-03,-2.700000000000000143e-03,-8.000000000000000167e-03,7.000000000000000146e-03,1.327921662576994448e-02
1.600000000000000077e-03,-2.500000000000000052e-03,-5.000000000000000104e-03,5.000000000000000104e-03,1.243113596681803129e-02
1.600000000000000077e-03,-2.299999999999999961e-03,-8.000000000000000167e-03,1.899999999999999953e-02,1.731684378409524550e-02
1.600000000000000077e-03,-2.299999999999999961e-03,-7.000000000000000146e-03,2.000000000000000042e-03,9.588394681763553681e-03
1.600000000000000077e-03,-1.899999999999999996e-03,-1.000000000000000021e-02,5.000000000000000104e-03,1.475768150243020500e-02
1.600000000000000077e-03,-1.199999999999999895e-03,-8.000000000000000167e-03,1.700000000000000122e-02,2.020861664435918276e-02
1.600000000000000077e-03,-1.199999999999999895e-03,-5.000000000000000104e-03,1.000000000000000021e-02,1.801152591362826377e-02
1.600000000000000077e-03,-1.100000000000000066e-03,-8.999999999999999320e-03,2.000000000000000042e-03,9.908487239349016845e-03
1.600000000000000077e-03,-1.100000000000000066e-03,-4.000000000000000083e-03,1.899999999999999953e-02,1.960135460611964892e-02
1.600000000000000077e-03,-5.999999999999999474e-04,-5.000000000000000104e-03,1.700000000000000122e-02,2.058761593762460998e-02
1.600000000000000077e-03,-1.000000000000000048e-04,-1.000000000000000021e-02,1.299999999999999940e-02,2.045441147851679436e-02
1.600000000000000077e-03,-1.000000000000000048e-04,-8.999999999999999320e-03,6.000000000000000125e-03,1.613131931751615386e-02
1.600000000000000077e-03,-1.000000000000000048e-04,-6.000000000000000125e-03,1.400000000000000029e-02,1.949569226096868960e-02
1.600000000000000077e-03,-1.000000000000000048e-04,-5.000000000000000104e-03,1.799999999999999864e-02,2.020733660614114011e-02
1.699999999999999905e-03,-4.799999999999999580e-03,-4.000000000000000083e-03,1.799999999999999864e-02,8.135919003666827395e-03
1.699999999999999905e-03,-4.700000000000000185e-03,-1.000000000000000021e-02,1.099999999999999936e-02,1.148498274148911959e-02
1.699999999999999905e-03,-3.799999999999999992e-03,-6.000000000000000125e-03,3.000000000000000062e-03,1.044796878101336181e-02
1.699999999999999905e-03,-3.700000000000000164e-03,-6.000000000000000125e-03,5.000000000000000104e-03,1.094948622535789513e-02
1.699999999999999905e-03,-3.200000000000000153e-03,-8.999999999999999320e-03,1.000000000000000021e-02,1.393435574841156779e-02
1.699999999999999905e-03,-2.899999999999999800e-03,-8.999999999999999320e-03,4.000000000000000083e-03,1.219194329749889207e-02
1.699999999999999905e-03,-1.899999999999999996e-03,-8.999999999999999320e-03,8.999999999999999320e-03,1.745531369547289463e-02
1.699999999999999905e-03,-1.799999999999999951e-03,-8.000000000000000167e-03,8.999999999999999320e-03,1.758351258039117168e-02
1.699999999999999905e-03,-1.600000000000000077e-03,-6.000000000000000125e-03,2.000000000000000042e-03,9.307761706273178295e-03
1.699999999999999905e-03,-1.199999999999999895e-03,-4.000000000000000083e-03,1.499999999999999944e-02,1.843510790247425077e-02
1.699999999999999905e-03,-1.100000000000000066e-03,-6.000000000000000125e-03,1.700000000000000122e-02,1.930684120815503654e-02
1.699999999999999905e-03,-5.999999999999999474e-04,-8.000000000000000167e-03,4.000000000000000083e-03,1.426192762571582007e-02
1.699999999999999905e-03,-1.000000000000000048e-04,-1.000000000000000021e-02,8.000000000000000167e-03,1.744930604591850287e-02
1.699999999999999905e-03,-1.000000000000000048e-04,-1.000000000000000021e-02,1.499999999999999944e-02,2.049808877483465588e-02
1.699999999999999905e-03,-1.000000000000000048e-04,-7.000000000000000146e-03,5.000000000000000104e-03,1.527297750658544555e-02
1.699999999999999905e-03,-1.000000000000000048e-04,-4.000000000000000083e-03,1.899999999999999953e-02,1.994073813177817470e-02
1.799999999999999951e-03,-4.899999999999999842e-03,-4.000000000000000083e-03,3.000000000000000062e-03,9.482032579762557020e-03
1.799999999999999951e-03,-4.000000000000000083e-03,-1.000000000000000021e-02,1.799999999999999864e-02,1.047536332909787538e-02
1.799999999999999951e-03,-3.799999999999999992e-03,-1.000000000000000021e-02,4.000000000000000083e-03,1.124528763535156614e-02
1.799999999999999951e-03,-1.699999999999999905e-03,-6.000000000000000125e-03,1.000000000000000021e-02,1.651557379776507142e-02
1.799999999999999951e-03,-1.199999999999999895e-03,-5.000000000000000104e-03,6.000000000000000125e-03,1.567070949890666046e-02
1.799999999999999951e-03,-1.000000000000000048e-04,-1.000000000000000021e-02,1.700000000000000122e-02,2.024265287117407372e-02
1.799999999999999951e-03,-1.000000000000000048e-04,-8.000000000000000167e-03,7.000000000000000146e-03,1.633212237590209517e-02
1.799999999999999951e-03,-1.000000000000000048e-04,-8.000000000000000167e-03,1.899999999999999953e-02,2.041816798850496634e-02
1.899999999999999996e-03,-5.000000000000000104e-03,-4.000000000000000083e-03,1.700000000000000122e-02,7.592635304615567501e-03
1.899999999999999996e-03,-4.300000000000000003e-03,-5.000000000000000104e-03,1.799999999999999864e-02,8.814479931467283577e-03
1.899999999999999996e-03,-2.799999999999999972e-03,-6.000000000000000125e-03,8.000000000000000167e-03,1.339056775005019288e-02
1.899999999999999996e-03,-2.500000000000000052e-03,-1.000000000000000021e-02,2.000000000000000042e-03,9.474175561899689582e-03
1.899999999999999996e-03,-2.399999999999999790e-03,-1.000000000000000021e-02,1.000000000000000021e-02,1.570243747950684360e-02
1.899999999999999996e-03,-1.699999999999999905e-03,-4.000000000000000083e-03,1.799999999999999864e-02,1.715328238907755723e-02
1.899999999999999996e-03,-8.000000000000000383e-04,-5.000000000000000104e-03,7.000000000000000146e-03,1.541015993508562318e-02
1.899999999999999996e-03,-5.999999999999999474e-04,-1.000000000000000021e-02,1.899999999999999953e-02,2.020323875975453196e-02
1.899999999999999996e-03,-2.999999999999999737e-04,-6.000000000000000125e-03,1.899999999999999953e-02,1.907499877401777275e-02
1.899999999999999996e-03,-1.000000000000000048e-04,-1.000000000000000021e-02,1.899999999999999953e-02,2.028793786719341324e-02
1.899999999999999996e-03,-1.000000000000000048e-04,-8.000000000000000167e-03,1.000000000000000021e-02,1.838896768369950932e-02
1.899999999999999996e-03,-1.000000000000000048e-04,-7.000000000000000146e-03,1.299999999999999940e-02,1.903072563894563085e-02
1.899999999999999996e-03,-1.000000000000000048e-04,-6.000000000000000125e-03,1.200000000000000025e-02,1.764744308603423406e-02
2.000000000000000042e-03,-4.599999999999999922e-03,-1.000000000000000021e-02,1.000000000000000021e-02,1.172792715843322571e-02
2.000000000000000042e-03,-4.499999999999999660e-03,-1.000000000000000021e-02,2.000000000000000042e-03,9.508135422971219705e-03
2.000000000000000042e-03,-3.799999999999999992e-03,-7.000000000000000146e-03,1.200000000000000025e-02,1.198865224687939088e-02
2.000000000000000042e-03,-3.700000000000000164e-03,-1.000000000000000021e-02,7.000000000000000146e-03,1.142305472509582386e-02
2.000000000000000042e-03,-3.599999999999999901e-03,-8.000000000000000167e-03,1.600000000000000033e-02,1.164539268842164008e-02
2.000000000000000042e-03,-1.799999999999999951e-03,-1.000000000000000021e-02,1.299999999999999940e-02,1.687384763014795550e-02
2.000000000000000042e-03,-8.999999999999999754e-04,-4.000000000000000083e-03,1.700000000000000122e-02,1.733822728553003484e-02
2.000000000000000042e-03,-1.000000000000000048e-04,-6.000000000000000125e-03,5.000000000000000104e-03,1.360007180701711636e-02
2.000000000000000042e-03,-1.000000000000000048e-04,-4.000000000000000083e-03,7.000000000000000146e-03,1.436773101739430639e-02
2.000000000000000042e-03,-1.000000000000000048e-04,-4.000000000000000083e-03,1.000000000000000021e-02,1.539261639053313147e-02
2.099999999999999870e-03,-4.100000000000000346e-03,-5.000000000000000104e-03,1.299999999999999940e-02,8.867011679266839988e-03
2.099999999999999870e-03,-2.000000000000000042e-03,-1.000000000000000021e-02,8.000000000000000167e-03,1.540540627762060355e-02
2.099999999999999870e-03,-1.799999999999999951e-03,-5.000000000000000104e-03,4.000000000000000083e-03,1.149545814162694114e-02
2.099999999999999870e-03,-1.000000000000000021e-03,-8.000000000000000167e-03,1.200000000000000025e-02,1.713800677168794001e-02
2.099999999999999870e-03,-1.000000000000000021e-03,-4.000000000000000083e-03,1.499999999999999944e-02,1.575645384159801363e-02
2.099999999999999870e-03,-8.000000000000000383e-04,-4.000000000000000083e-03,1.099999999999999936e-02,1.552043115778025013e-02
2.099999999999999870e-03,-2.000000000000000096e-04,-7.000000000000000146e-03,8.000000000000000167e-03,1.590632784175057685e-02
2.099999999999999870e-03,-1.000000000000000048e-04,-1.000000000000000021e-02,8.000000000000000167e-03,1.597530808351833864e-02
2.099999999999999870e-03,-1.000000000000000048e-04,-8.000000000000000167e-03,1.499999999999999944e-02,1.842284746779668594e-02
2.099999999999999870e-03,-1.000000000000000048e-04,-4.000000000000000083e-03,1.299999999999999940e-02,1.605445497420612128e-02
2.200000000000000133e-03,-4.700000000000000185e-03,-5.000000000000000104e-03,1.400000000000000029e-02,8.107434443477359171e-03
2.200000000000000133e-03,-4.499999999999999660e-03,-7.000000000000000146e-03,1.899999999999999953e-02,1.079148006728220845e-02
2.200000000000000133e-03,-2.500000000000000052e-03,-6.000000000000000125e-03,4.000000000000000083e-03,1.157657989061938557e-02
2.200000000000000133e-03,-1.000000000000000048e-04,-1.000000000000000021e-02,6.000000000000000125e-03,1.405966526700154137e-02
2.200000000000000133e-03,-1.000000000000000048e-04,-1.000000000000000021e-02,8.999999999999999320e-03,1.643847056847561744e-02
2.200000000000000133e-03,-1.000000000000000048e-04,-1.000000000000000021e-02,1.400000000000000029e-02,1.758873440904266949e-02
2.200000000000000133e-03,-1.000000000000000048e-04,-1.000000000000000021e-02,1.600000000000000033e-02,1.803101914996725272e-02
2.299999999999999961e-03,-5.000000000000000104e-03,-1.000000000000000021e-02,1.600000000000000033e-02,1.015524357124971203e-02
2.299999999999999961e-03,-3.500000000000000073e-03,-7.000000000000000146e-03,1.400000000000000029e-02,1.177449460349190916e-02
2.299999999999999961e-03,-2.999999999999999737e-04,-8.000000000000000167e-03,5.000000000000000104e-03,1.331032711420179586e-02
2.299999999999999961e-03,-2.000000000000000096e-04,-8.000000000000000167e-03,1.700000000000000122e-02,1.749738504631603853e-02
2.299999999999999961e-03,-1.000000000000000048e-04,-8.999999999999999320e-03,1.000000000000000021e-02,1.658914322439576650e-02
2.299999999999999961e-03,-1.000000000000000048e-04,-4.000000000000000083e-03,1.200000000000000025e-02,1.474596927779838786e-02
2.399999999999999790e-03,-4.499999999999999660e-03,-4.000000000000000083e-03,7.000000000000000146e-03,1.004686356046930774e-02
2.399999999999999790e-03,-3.700000000000000164e-03,-1.000000000000000021e-02,1.299999999999999940e-02,1.150266808632166744e-02
2.399999999999999790e-03,-2.700000000000000143e-03,-8.999999999999999320e-03,7.000000000000000146e-03,1.274848101835856368e-02
2.399999999999999790e-03,-2.099999999999999870e-03,-7.000000000000000146e-03,8.000000000000000167e-03,1.423387521819758500e-02
2.399999999999999790e-03,-2.000000000000000042e-03,-5.000000000000000104e-03,1.299999999999999940e-02,1.357709269593114151e-02
2.399999999999999790e-03,-1.500000000000000031e-03,-7.000000000000000146e-03,2.000000000000000042e-03,8.379435252243961144e-03
2.399999999999999790e-03,-1.199999999999999895e-03,-4.000000000000000083e-03,1.499999999999999944e-02,1.426004694684616068e-02
2.399999999999999790e-03,-4.000000000000000192e-04,-1.000000000000000021e-02,1.899999999999999953e-02,1.766682391324450249e-02
2.500000000000000052e-03,-4.599999999999999922e-03,-1.000000000000000021e-02,1.899999999999999953e-02,1.099223183810619370e-02
2.500000000000000052e-03,-3.000000000000000062e-03,-4.000000000000000083e-03,8.999999999999999320e-03,1.191681494803897151e-02
2.500000000000000052e-03,-2.000000000000000096e-04,-4.000000000000000083e-03,2.000000000000000042e-03,7.249575456861948736e-03
2.599999999999999881e-03,-4.300000000000000003e-03,-1.000000000000000021e-02,5.000000000000000104e-03,1.079621683944519996e-02
2.599999999999999881e-03,-4.199999999999999740e-03,-8.999999999999999320e-03,1.899999999999999953e-02,1.109151099627093094e-02
2.599999999999999881e-03,-3.099999999999999891e-03,-1.000000000000000021e-02,1.600000000000000033e-02,1.155807751778600671e-02
2.599999999999999881e-03,-1.699999999999999905e-03,-4.000000000000000083e-03,6.000000000000000125e-03,1.131096639664702294e-02
2.700000000000000143e-03,-4.499999999999999660e-03,-7.000000000000000146e-03,1.499999999999999944e-02,1.008644541376383513e-02
2.700000000000000143e-03,-3.000000000000000062e-03,-4.000000000000000083e-03,1.799999999999999864e-02,9.749993541569421454e-03
2.700000000000000143e-03,-2.599999999999999881e-03,-1.000000000000000021e-02,5.000000000000000104e-03,1.159822074054591735e-02
2.700000000000000143e-03,-2.000000000000000096e-04,-4.000000000000000083e-03,1.499999999999999944e-02,1.324264911626988478e-02
2.700000000000000143e-03,-1.000000000000000048e-04,-4.000000000000000083e-03,1.899999999999999953e-02,1.427717924343220764e-02
2.799999999999999972e-03,-4.799999999999999580e-03,-1.000000000000000021e-02,8.000000000000000167e-03,1.103025671181458514e-02
2.799999999999999972e-03,-4.499999999999999660e-03,-6.000000000000000125e-03,1.799999999999999864e-02,8.977410272855477699e-03
2.799999999999999972e-03,-4.100000000000000346e-03,-6.000000000000000125e-03,1.700000000000000122e-02,9.093924839334249430e-03
2.799999999999999972e-03,-3.599999999999999901e-03,-4.000000000000000083e-03,1.600000000000000033e-02,8.534262932046650721e-03
2.799999999999999972e-03,-2.299999999999999961e-03,-4.000000000000000083e-03,3.000000000000000062e-03,7.978059595957672986e-03
2.799999999999999972e-03,-1.699999999999999905e-03,-5.000000000000000104e-03,1.899999999999999953e-02,1.377757321987550278e-02
2.799999999999999972e-03,-2.000000000000000096e-04,-4.000000000000000083e-03,8.999999999999999320e-03,1.262406174653707761e-02
2.799999999999999972e-03,-1.000000000000000048e-04,-1.000000000000000021e-02,8.999999999999999320e-03,1.404996215297789515e-02
2.899999999999999800e-03,-3.500000000000000073e-03,-8.999999999999999320e-03,1.700000000000000122e-02,1.005988160866798549e-02
2.899999999999999800e-03,-3.399999999999999811e-03,-6.000000000000000125e-03,1.299999999999999940e-02,1.046721860901556576e-02
2.899999999999999800e-03,-3.000000000000000062e-03,-1.000000000000000021e-02,1.200000000000000025e-02,1.166366886301081936e-02
2.899999999999999800e-03,-2.200000000000000133e-03,-8.000000000000000167e-03,1.299999999999999940e-02,1.334968381550570918e-02
2.899999999999999800e-03,-1.799999999999999951e-03,-1.000000000000000021e-02,1.700000000000000122e-02,1.386065373659763934e-02
3.000000000000000062e-03,-4.899999999999999842e-03,-8.999999999999999320e-03,5.000000000000000104e-03,9.279035388198840842e-03
3.000000000000000062e-03,-4.300000000000000003e-03,-6.000000000000000125e-03,7.000000000000000146e-03,9.917370793194929882e-03
3.000000000000000062e-03,-2.899999999999999800e-03,-6.000000000000000125e-03,1.499999999999999944e-02,9.875403420037445409e-03
3.000000000000000062e-03,-8.999999999999999754e-04,-5.000000000000000104e-03,1.899999999999999953e-02,1.297122500537662391e-02
3.099999999999999891e-03,-3.399999999999999811e-03,-1.000000000000000021e-02,1.600000000000000033e-02,9.882588880940797182e-03
3.099999999999999891e-03,-1.899999999999999996e-03,-6.000000000000000125e-03,1.400000000000000029e-02,1.069525728998915563e-02
3.099999999999999891e-03,-1.500000000000000031e-03,-7.000000000000000146e-03,8.999999999999999320e-03,1.142581192208871714e-02
3.099999999999999891e-03,-1.000000000000000048e-04,-8.000000000000000167e-03,2.000000000000000042e-03,6.741615300417350999e-03
3.200000000000000153e-03,-4.700000000000000185e-03,-8.999999999999999320e-03,1.000000000000000021e-02,9.379779295508044665e-03
3.200000000000000153e-03,-4.300000000000000003e-03,-6.000000000000000125e-03,1.899999999999999953e-02,8.422058031239083864e-03
3.200000000000000153e-03,-3.399999999999999811e-03,-8.999999999999999320e-03,5.000000000000000104e-03,9.290965597686188723e-03
3.200000000000000153e-03,-3.000000000000000062e-03,-8.000000000000000167e-03,1.099999999999999936e-02,9.823982952871936070e-03
3.200000000000000153e-03,-3.000000000000000062e-03,-7.000000000000000146e-03,3.000000000000000062e-03,7.921892601513009363e-03
3.200000000000000153e-03,-2.299999999999999961e-03,-1.000000000000000021e-02,1.700000000000000122e-02,1.105955379447442002e-02
3.200000000000000153e-03,-4.000000000000000192e-04,-7.000000000000000146e-03,1.299999999999999940e-02,1.206190735795122961e-02
3.299999999999999982e-03,-2.500000000000000052e-03,-5.000000000000000104e-03,1.499999999999999944e-02,9.921275777627608372e-03
3.299999999999999982e-03,-2.200000000000000133e-03,-8.000000000000000167e-03,1.200000000000000025e-02,1.024638391008556200e-02
3.299999999999999982e-03,-6.999999999999999929e-04,-7.000000000000000146e-03,1.799999999999999864e-02,1.174639723101466790e-02
3.399999999999999811e-03,-4.599999999999999922e-03,-7.000000000000000146e-03,1.499999999999999944e-02,7.660359052614444317e-03
3.399999999999999811e-03,-4.499999999999999660e-03,-8.999999999999999320e-03,5.000000000000000104e-03,8.237637021339455287e-03
3.399999999999999811e-03,-3.899999999999999821e-03,-8.999999999999999320e-03,1.899999999999999953e-02,9.272697902563482170e-03
3.399999999999999811e-03,-2.599999999999999881e-03,-1.000000000000000021e-02,2.000000000000000042e-03,6.068196011927070102e-03
3.399999999999999811e-03,-1.799999999999999951e-03,-5.000000000000000104e-03,1.400000000000000029e-02,9.624882228120796093e-03
3.399999999999999811e-03,-1.699999999999999905e-03,-7.000000000000000146e-03,1.099999999999999936e-02,9.858254276782068073e-03
3.500000000000000073e-03,-5.000000000000000104e-03,-7.000000000000000146e-03,8.999999999999999320e-03,8.881827621263138281e-03
3.500000000000000073e-03,-4.899999999999999842e-03,-8.999999999999999320e-03,7.000000000000000146e-03,8.900877017485375742e-03
3.500000000000000073e-03,-4.400000000000000265e-03,-4.000000000000000083e-03,1.400000000000000029e-02,6.259506062657749399e-03
3.500000000000000073e-03,-4.300000000000000003e-03,-5.000000000000000104e-03,6.000000000000000125e-03,7.902451927059303896e-03
3.500000000000000073e-03,-2.399999999999999790e-03,-8.000000000000000167e-03,1.499999999999999944e-02,9.475206328235560166e-03
3.599999999999999901e-03,-5.000000000000000104e-03,-1.000000000000000021e-02,1.299999999999999940e-02,7.501614452024405952e-03
3.599999999999999901e-03,-4.899999999999999842e-03,-1.000000000000000021e-02,1.099999999999999936e-02,6.730450268532926598e-03
3.599999999999999901e-03,-4.700000000000000185e-03,-1.000000000000000021e-02,8.000000000000000167e-03,8.574422850182374101e-03
3.599999999999999901e-03,-4.300000000000000003e-03,-6.000000000000000125e-03,8.000000000000000167e-03,7.967569789292213919e-03
3.599999999999999901e-03,-3.899999999999999821e-03,-7.000000000000000146e-03,1.299999999999999940e-02,7.988511684352351053e-03
3.599999999999999901e-03,-3.700000000000000164e-03,-8.999999999999999320e-03,4.000000000000000083e-03,7.311346542165823338e-03
3.599999999999999901e-03,-3.700000000000000164e-03,-7.000000000000000146e-03,1.200000000000000025e-02,7.681274892174583431e-03
3.700000000000000164e-03,-4.700000000000000185e-03,-7.000000000000000146e-03,1.600000000000000033e-02,7.692170439743236526e-03
3.700000000000000164e-03,-4.499999999999999660e-03,-7.000000000000000146e-03,1.200000000000000025e-02,6.831646284447826650e-03
3.700000000000000164e-03,-4.000000000000000083e-03,-8.999999999999999320e-03,1.499999999999999944e-02,8.294116851130205192e-03
3.700000000000000164e-03,-2.099999999999999870e-03,-6.000000000000000125e-03,1.400000000000000029e-02,8.459467542596887588e-03
3.700000000000000164e-03,-1.000000000000000048e-04,-8.999999999999999320e-03,1.200000000000000025e-02,8.537302673147529122e-03
3.700000000000000164e-03,-1.000000000000000048e-04,-4.000000000000000083e-03,1.899999999999999953e-02,9.685241788864328710e-03
3.799999999999999992e-03,-2.700000000000000143e-03,-1.000000000000000021e-02,1.700000000000000122e-02,9.010954869987933963e-03
3.799999999999999992e-03,-1.399999999999999986e-03,-6.000000000000000125e-03,1.299999999999999940e-02,8.420911738877949818e-03
3.799999999999999992e-03,-8.000000000000000383e-04,-8.999999999999999320e-03,7.000000000000000146e-03,7.987194806761972743e-03
3.899999999999999821e-03,-4.300000000000000003e-03,-4.000000000000000083e-03,8.000000000000000167e-03,6.718485853329471923e-03
3.899999999999999821e-03,-1.199999999999999895e-03,-5.000000000000000104e-03,1.499999999999999944e-02,8.193966163872449041e-03
3.899999999999999821e-03,-5.000000000000000104e-04,-8.999999999999999320e-03,1.899999999999999953e-02,9.228013992479052255e-03
3.899999999999999821e-03,-4.000000000000000192e-04,-1.000000000000000021e-02,1.700000000000000122e-02,9.323057449492426832e-03
3.899999999999999821e-03,-4.000000000000000192e-04,-7.000000000000000146e-03,8.000000000000000167e-03,7.657778278713433910e-03
4.000000000000000083e-03,-4.300000000000000003e-03,-8.999999999999999320e-03,1.299999999999999940e-02,6.650819107883097075e-03
4.000000000000000083e-03,-4.100000000000000346e-03,-4.000000000000000083e-03,1.899999999999999953e-02,6.603645410706765473e-03
4.000000000000000083e-03,-4.000000000000000083e-03,-5.000000000000000104e-03,2.000000000000000042e-03,4.583031294158165271e-03
4.000000000000000083e-03,-3.000000000000000062e-03,-1.000000000000000021e-02,1.799999999999999864e-02,8.694065899038832049e-03
4.000000000000000083e-03,-2.500000000000000052e-03,-7.000000000000000146e-03,1.700000000000000122e-02,8.276103706099834784e-03
4.000000000000000083e-03,-2.299999999999999961e-03,-6.000000000000000125e-03,1.499999999999999944e-02,7.563395951427816406e-03
4.000000000000000083e-03,-1.100000000000000066e-03,-8.000000000000000167e-03,3.000000000000000062e-03,5.816059753500016881e-03
4.000000000000000083e-03,-8.000000000000000383e-04,-6.000000000000000125e-03,2.000000000000000042e-03,4.583031294158165271e-03
4.100000000000000346e-03,-4.400000000000000265e-03,-8.000000000000000167e-03,1.299999999999999940e-02,6.746145979914759845e-03
4.100000000000000346e-03,-2.200000000000000133e-03,-6.000000000000000125e-03,1.200000000000000025e-02,7.020807838728423088e-03
4.100000000000000346e-03,-2.000000000000000042e-03,-5.000000000000000104e-03,1.600000000000000033e-02,8.125768718257190062e-03
4.199999999999999740e-03,-5.999999999999999474e-04,-7.000000000000000146e-03,3.000000000000000062e-03,5.253058994580872207e-03
4.300000000000000003e-03,-3.899999999999999821e-03,-4.000000000000000083e-03,8.999999999999999320e-03,5.938323532369088609e-03
4.300000000000000003e-03,-2.500000000000000052e-03,-4.000000000000000083e-03,4.000000000000000083e-03,5.714001750340869101e-03
4.400000000000000265e-03,-4.799999999999999580e-03,-8.000000000000000167e-03,1.499999999999999944e-02,6.523167069218223889e-03
4.400000000000000265e-03,-4.799999999999999580e-03,-7.000000000000000146e-03,2.000000000000000042e-03,4.029624427854135681e-03
4.499999999999999660e-03,-1.600000000000000077e-03,-6.000000000000000125e-03,4.000000000000000083e-03,5.048757047554286101e-03
4.599999999999999922e-03,-2.599999999999999881e-03,-6.000000000000000125e-03,5.000000000000000104e-03,5.359460998234355338e-03
4.599999999999999922e-03,-2.000000000000000042e-03,-7.000000000000000146e-03,6.000000000000000125e-03,5.809855603997175245e-03
4.599999999999999922e-03,-1.799999999999999951e-03,-6.000000000000000125e-03,1.700000000000000122e-02,7.152917486767821319e-03
4.599999999999999922e-03,-1.299999999999999940e-03,-8.000000000000000167e-03,5.000000000000000104e-03,5.788971210356009048e-03
4.599999999999999922e-03,-5.000000000000000104e-04,-1.000000000000000021e-02,3.000000000000000062e-03,4.597056897563356510e-03
4.700000000000000185e-03,-4.700000000000000185e-03,-6.000000000000000125e-03,1.600000000000000033e-02,5.574345723017846629e-03
4.700000000000000185e-03,-4.199999999999999740e-03,-8.999999999999999320e-03,1.099999999999999936e-02,5.004861900823305912e-03
4.700000000000000185e-03,-2.899999999999999800e-03,-8.999999999999999320e-03,1.000000000000000021e-02,6.009982019765821443e-03
4.700000000000000185e-03,-1.299999999999999940e-03,-5.000000000000000104e-03,1.799999999999999864e-02,6.662802318787893439e-03
4.700000000000000185e-03,-5.000000000000000104e-04,-1.000000000000000021e-02,5.000000000000000104e-03,5.445237290691943947e-03
4.700000000000000185e-03,-2.000000000000000096e-04,-7.000000000000000146e-03,5.000000000000000104e-03,5.182942123893744500e-03
4.799999999999999580e-03,-3.299999999999999982e-03,-4.000000000000000083e-03,8.999999999999999320e-03,4.874567101960467636e-03
4.799999999999999580e-03,-2.899999999999999800e-03,-5.000000000000000104e-03,8.000000000000000167e-03,5.047087426586997078e-03
4.799999999999999580e-03,-2.500000000000000052e-03,-1.000000000000000021e-02,1.099999999999999936e-02,4.996365413932816850e-03
4.799999999999999580e-03,-2.000000000000000042e-03,-7.000000000000000146e-03,8.000000000000000167e-03,5.642831298592602095e-03
4.799999999999999580e-03,-1.500000000000000031e-03,-4.000000000000000083e-03,8.000000000000000167e-03,5.090263793928599331e-03
4.799999999999999580e-03,-8.000000000000000383e-04,-6.000000000000000125e-03,1.099999999999999936e-02,5.276675806931130190e-03
4.899999999999999842e-03,-5.000000000000000104e-03,-1.000000000000000021e-02,2.000000000000000042e-03,3.462809948598562833e-03
4.899999999999999842e-03,-5.000000000000000104e-03,-1.000000000000000021e-02,6.000000000000000125e-03,4.956341634637499195e-03
4.899999999999999842e-03,-5.000000000000000104e-03,-1.000000000000000021e-02,7.000000000000000146e-03,5.386339331635588319e-03
4.899999999999999842e-03,-5.000000000000000104e-03,-1.000000000000000021e-02,1.499999999999999944e-02,5.999195790701761580e-03
4.899999999999999842e-03,-5.000000000000000104e-03,-1.000000000000000021e-02,1.899999999999999953e-02,5.883056178242888554e-03
4.899999999999999842e-03,-5.000000000000000104e-03,-7.000000000000000146e-03,1.299999999999999940e-02,4.637706551035097879e-03
4.899999999999999842e-03,-5.000000000000000104e-03,-7.000000000000000146e-03,1.899999999999999953e-02,5.175733873024643966e-03
4.899999999999999842e-03,-5.000000000000000104e-03,-6.000000000000000125e-03,1.099999999999999936e-02,4.247976290472552791e-03
4.899999999999999842e-03,-5.000000000000000104e-03,-4.000000000000000083e-03,2.000000000000000042e-03,3.390743742721998369e-03
4.899999999999999842e-03,-5.000000000000000104e-03,-4.000000000000000083e-03,6.000000000000000125e-03,4.687626147552315277e-03
4.899999999999999842e-03,-5.000000000000000104e-03,-4.000000000000000083e-03,1.000000000000000021e-02,4.165762917005988442e-03
4.899999999999999842e-03,-5.000000000000000104e-03,-4.000000000000000083e-03,1.499999999999999944e-02,4.922149841872669462e-03
4.899999999999999842e-03,-5.000000000000000104e-03,-4.000000000000000083e-03,1.899999999999999953e-02,4.834264127368111293e-03
4.899999999999999842e-03,-3.799999999999999992e-03,-6.000000000000000125e-03,7.000000000000000146e-03,4.998604315769165397e-03
4.899999999999999842e-03,-2.000000000000000042e-03,-8.999999999999999320e-03,1.299999999999999940e-02,4.956984768692633200e-03
4.899999999999999842e-03,-1.899999999999999996e-03,-4.000000000000000083e-03,4.000000000000000083e-03,4.389318823858619906e-03
4.899999999999999842e-03,-1.699999999999999905e-03,-1.000000000000000021e-02,1.099999999999999936e-02,5.092712588256346519e-03
4.899999999999999842e-03,-1.199999999999999895e-03,-7.000000000000000146e-03,1.499999999999999944e-02,5.427981788086178039e-03
4.899999999999999842e-03,-2.999999999999999737e-04,-7.000000000000000146e-03,1.000000000000000021e-02,5.680261574915549880e-03
4.899999999999999842e-03,-1.000000000000000048e-04,-1.000000000000000021e-02,7.000000000000000146e-03,5.215008791369823982e-03
4.899999999999999842e-03,-1.000000000000000048e-04,-1.000000000000000021e-02,8.000000000000000167e-03,5.280356734620224833e-03
4.899999999999999842e-03,-1.000000000000000048e-04,-1.000000000000000021e-02,1.200000000000000025e-02,5.016619823415657646e-03
4.899999999999999842e-03,-1.000000000000000048e-04,-1.000000000000000021e-02,1.499999999999999944e-02,6.008529153398711568e-03
4.899999999999999842e-03,-1.000000000000000048e-04,-1.000000000000000021e-02,1.700000000000000122e-02,6.668544090716380796e-03
4.899999999999999842e-03,-1.000000000000000048e-04,-1.000000000000000021e-02,1.899999999999999953e-02,6.715235177280128899e-03
4.899999999999999842e-03,-1.000000000000000048e-04,-8.000000000000000167e-03,2.000000000000000042e-03,3.462809948598562833e-03
4.899999999999999842e-03,-1.000000000000000048e-04,-4.000000000000000083e-03,2.000000000000000042e-03,3.390743742721998369e-03
4.899999999999999842e-03,-1.000000000000000048e-04,-4.000000000000000083e-03,5.000000000000000104e-03,4.681751793479160470e-03
4.899999999999999842e-03,-1.000000000000000048e-04,-4.000000000000000083e-03,6.000000000000000125e-03,4.618873598749391983e-03
4.899999999999999842e-03,-1.000000000000000048e-04,-4.000000000000000083e-03,1.099999999999999936e-02,5.154388100579683669e-03
4.899999999999999842e-03,-1.000000000000000048e-04,-4.000000000000000083e-03,1.200000000000000025e-02,5.091242393070157315e-03
4.899999999999999842e-03,-1.000000000000000048e-04,-4.000000000000000083e-03,1.499999999999999944e-02,5.452535369817461050e-03
4.899999999999999842e-03,-1.000000000000000048e-04,-4.000000000000000083e-03,1.700000000000000122e-02,6.112550307135130277e-03
4.899999999999999842e-03,-1.000000000000000048e-04,-4.000000000000000083e-03,1.899999999999999953e-02,6.160463485398648062e-03
