2.000000000000000000e+01,1.000000000000000021e-03,1.000000000000000000e+00,1.000000000000000000e+00,2.000000000000000000e+01,2.000000000000000000e+01,3.000000000000000000e+01,9.900000000000000000e+01,2.000000000000000000e+01,2.000000000000000000e+00,1.000000000000000000e+00,1.000000000000000000e+00,1.000000000000000000e+00,0.000000000000000000e+00,7.598492497894238085e-02,6.000000000000000000e+01,1.252090197690904636e-03,4.586305518828978525e-04
2.000000000000000000e+01,2.000000000000000042e-03,3.000000000000000000e+00,1.000000000000000000e+00,2.000000000000000000e+01,2.000000000000000000e+01,5.000000000000000000e+00,9.900000000000000000e+01,2.000000000000000000e+01,0.000000000000000000e+00,1.000000000000000000e+00,1.000000000000000000e+00,1.000000000000000000e+00,0.000000000000000000e+00,9.568209491793311372e-02,6.000000000000000000e+01,1.593678187629432672e-03,5.339487592455123988e-04
2.000000000000000000e+01,3.000000000000000062e-03,2.000000000000000000e+00,2.000000000000000000e+00,5.000000000000000000e+01,2.000000000000000000e+01,3.000000000000000000e+00,9.900000000000000000e+01,2.000000000000000000e+01,1.000000000000000000e+00,1.000000000000000000e+00,1.000000000000000000e+00,1.000000000000000000e+00,1.000000000000000000e+00,1.857983904062132652e-02,3.000000000000000000e+01,6.586993750505458533e-04,2.794351647320621082e-04
2.000000000000000000e+01,3.000000000000000062e-03,4.000000000000000000e+00,1.000000000000000000e+00,2.000000000000000000e+01,2.000000000000000000e+01,5.000000000000000000e+00,9.900000000000000000e+01,2.000000000000000000e+01,0.000000000000000000e+00,1.000000000000000000e+00,1.000000000000000000e+00,1.000000000000000000e+00,0.000000000000000000e+00,1.151607031264227921e-01,6.000000000000000000e+01,1.875313204416147617e-03,5.486061913737706568e-04
2.000000000000000000e+01,3.000000000000000062e-03,4.000000000000000000e+00,2.000000000000000000e+00,2.000000000000000000e+01,2.000000000000000000e+01,1.000000000000000000e+00,9.900000000000000000e+01,2.000000000000000000e+01,2.000000000000000000e+00,1.000000000000000000e+00,1.000000000000000000e+00,1.000000000000000000e+00,0.000000000000000000e+00,5.850310687812720900e-02,6.000000000000000000e+01,9.928497741582904997e-04,5.738499098299223132e-04
2.000000000000000000e+01,4.000000000000000083e-03,3.000000000000000000e+00,0.000000000000000000e+00,3.000000000000000000e+01,2.000000000000000000e+01,5.000000000000000000e+00,9.900000000000000000e+01,2.000000000000000000e+01,1.000000000000000000e+00,1.000000000000000000e+00,1.000000000000000000e+00,1.000000000000000000e+00,1.000000000000000000e+00,0.000000000000000000e+00,5.000000000000000000e+01,0.000000000000000000e+00,5.301041138029831965e-04
2.000000000000000000e+01,4.000000000000000083e-03,6.000000000000000000e+00,0.000000000000000000e+00,2.000000000000000000e+01,5.000000000000000000e+00,3.000000000000000000e+01,9.900000000000000000e+01,2.000000000000000000e+01,2.000000000000000000e+00,1.000000000000000000e+00,0.000000000000000000e+00,1.000000000000000000e+00,1.000000000000000000e+00,2.426155884874603430e-03,6.000000000000000000e+01,4.941863575141554885e-05,4.787343259063219230e-04
2.000000000000000000e+01,4.000000000000000083e-03,7.000000000000000000e+00,1.000000000000000000e+00,2.000000000000000000e+01,5.000000000000000000e+00,1.000000000000000000e+00,9.900000000000000000e+01,2.000000000000000000e+01,0.000000000000000000e+00,0.000000000000000000e+00,1.000000000000000000e+00,1.000000000000000000e+00,1.000000000000000000e+00,0.000000000000000000e+00,6.000000000000000000e+01,0.000000000000000000e+00,5.280311016998304012e-04
2.000000000000000000e+01,4.000000000000000083e-03,8.000000000000000000e+00,1.000000000000000000e+00,2.000000000000000000e+01,2.000000000000000000e+01,5.000000000000000000e+00,9.900000000000000000e+01,2.000000000000000000e+01,0.000000000000000000e+00,1.000000000000000000e+00,1.000000000000000000e+00,1.000000000000000000e+00,0.000000000000000000e+00,1.169550434736297273e-01,6.000000000000000000e+01,1.902389284696398607e-03,5.386513733893619812e-04
4.000000000000000000e+01,1.000000000000000021e-03,1.000000000000000000e+00,1.000000000000000000e+00,2.000000000000000000e+01,1.000000000000000000e+01,2.000000000000000000e+01,9.900000000000000000e+01,2.000000000000000000e+01,0.000000000000000000e+00,1.000000000000000000e+00,1.000000000000000000e+00,1.000000000000000000e+00,1.000000000000000000e+00,1.339678751938482293e-01,6.000000000000000000e+01,2.161055076799358373e-03,4.893438485609498531e-04
4.000000000000000000e+01,1.000000000000000021e-03,5.000000000000000000e+00,0.000000000000000000e+00,3.000000000000000000e+01,2.000000000000000000e+01,3.000000000000000000e+01,9.900000000000000000e+01,2.000000000000000000e+01,1.000000000000000000e+00,1.000000000000000000e+00,0.000000000000000000e+00,1.000000000000000000e+00,0.000000000000000000e+00,1.542841731645061554e-01,5.000000000000000000e+01,2.916613207945040285e-03,4.969282510584084340e-04
4.000000000000000000e+01,1.000000000000000021e-03,7.000000000000000000e+00,0.000000000000000000e+00,4.000000000000000000e+01,2.000000000000000000e+01,3.000000000000000000e+01,9.900000000000000000e+01,2.000000000000000000e+01,0.000000000000000000e+00,0.000000000000000000e+00,0.000000000000000000e+00,1.000000000000000000e+00,1.000000000000000000e+00,0.000000000000000000e+00,4.000000000000000000e+01,0.000000000000000000e+00,4.755276196283493920e-04
4.000000000000000000e+01,2.000000000000000042e-03,2.000000000000000000e+00,0.000000000000000000e+00,2.000000000000000000e+01,1.000000000000000000e+01,2.000000000000000000e+01,9.900000000000000000e+01,2.000000000000000000e+01,0.000000000000000000e+00,1.000000000000000000e+00,1.000000000000000000e+00,1.000000000000000000e+00,0.000000000000000000e+00,1.319103179422629335e-01,6.000000000000000000e+01,2.123933576610213293e-03,4.984054776307952081e-04
4.000000000000000000e+01,2.000000000000000042e-03,2.000000000000000000e+00,0.000000000000000000e+00,3.000000000000000000e+01,1.000000000000000000e+01,3.000000000000000000e+00,9.900000000000000000e+01,2.000000000000000000e+01,1.000000000000000000e+00,0.000000000000000000e+00,0.000000000000000000e+00,1.000000000000000000e+00,1.000000000000000000e+00,2.096349996864721454e-02,5.000000000000000000e+01,4.222155896833900985e-04,4.501078086825856229e-04
4.000000000000000000e+01,2.000000000000000042e-03,3.000000000000000000e+00,0.000000000000000000e+00,4.000000000000000000e+01,5.000000000000000000e+00,1.000000000000000000e+00,9.900000000000000000e+01,2.000000000000000000e+01,2.000000000000000000e+00,0.000000000000000000e+00,0.000000000000000000e+00,1.000000000000000000e+00,0.000000000000000000e+00,4.613418853416995091e-02,4.000000000000000000e+01,1.151572028235101118e-03,4.572711684131754747e-04
4.000000000000000000e+01,2.000000000000000042e-03,8.000000000000000000e+00,0.000000000000000000e+00,2.000000000000000000e+01,5.000000000000000000e+00,3.000000000000000000e+00,9.900000000000000000e+01,2.000000000000000000e+01,1.000000000000000000e+00,0.000000000000000000e+00,1.000000000000000000e+00,1.000000000000000000e+00,0.000000000000000000e+00,0.000000000000000000e+00,6.000000000000000000e+01,0.000000000000000000e+00,4.709460699192137838e-04
4.000000000000000000e+01,3.000000000000000062e-03,2.000000000000000000e+00,0.000000000000000000e+00,2.000000000000000000e+01,5.000000000000000000e+00,3.000000000000000000e+01,9.900000000000000000e+01,2.000000000000000000e+01,0.000000000000000000e+00,0.000000000000000000e+00,0.000000000000000000e+00,1.000000000000000000e+00,1.000000000000000000e+00,3.102258035190375018e-02,6.000000000000000000e+01,5.203435855930619311e-04,4.559496677110268584e-04
4.000000000000000000e+01,3.000000000000000062e-03,2.000000000000000000e+00,0.000000000000000000e+00,5.000000000000000000e+01,2.000000000000000000e+01,1.000000000000000000e+01,9.900000000000000000e+01,2.000000000000000000e+01,0.000000000000000000e+00,0.000000000000000000e+00,0.000000000000000000e+00,1.000000000000000000e+00,1.000000000000000000e+00,3.069192198423165152e-03,3.000000000000000000e+01,1.526338222712864069e-04,3.275768260895391636e-04
4.000000000000000000e+01,3.000000000000000062e-03,4.000000000000000000e+00,2.000000000000000000e+00,2.000000000000000000e+01,2.000000000000000000e+01,2.000000000000000000e+01,9.900000000000000000e+01,2.000000000000000000e+01,1.000000000000000000e+00,1.000000000000000000e+00,1.000000000000000000e+00,1.000000000000000000e+00,1.000000000000000000e+00,7.040606907477653387e-02,6.000000000000000000e+01,1.191693892743639393e-03,5.092111613606695912e-04
4.000000000000000000e+01,3.000000000000000062e-03,6.000000000000000000e+00,0.000000000000000000e+00,5.000000000000000000e+01,5.000000000000000000e+00,1.000000000000000000e+00,9.900000000000000000e+01,2.000000000000000000e+01,1.000000000000000000e+00,1.000000000000000000e+00,0.000000000000000000e+00,1.000000000000000000e+00,1.000000000000000000e+00,-1.662760496897841556e-03,3.000000000000000000e+01,-4.500390931736856370e-05,3.267327559745199510e-04
4.000000000000000000e+01,4.000000000000000083e-03,1.000000000000000000e+00,1.000000000000000000e+00,4.000000000000000000e+01,2.000000000000000000e+01,2.000000000000000000e+01,9.900000000000000000e+01,2.000000000000000000e+01,1.000000000000000000e+00,0.000000000000000000e+00,0.000000000000000000e+00,1.000000000000000000e+00,1.000000000000000000e+00,2.689267661489158634e-02,4.000000000000000000e+01,6.747651258880771113e-04,3.160341794301923602e-04
4.000000000000000000e+01,4.000000000000000083e-03,2.000000000000000000e+00,1.000000000000000000e+00,5.000000000000000000e+01,1.000000000000000000e+01,2.000000000000000000e+01,9.900000000000000000e+01,2.000000000000000000e+01,0.000000000000000000e+00,1.000000000000000000e+00,1.000000000000000000e+00,1.000000000000000000e+00,0.000000000000000000e+00,2.917327979571848751e-02,3.000000000000000000e+01,9.886306937615682664e-04,2.263616699303617650e-04
4.000000000000000000e+01,4.000000000000000083e-03,4.000000000000000000e+00,2.000000000000000000e+00,4.000000000000000000e+01,1.000000000000000000e+01,5.000000000000000000e+00,9.900000000000000000e+01,2.000000000000000000e+01,2.000000000000000000e+00,0.000000000000000000e+00,0.000000000000000000e+00,1.000000000000000000e+00,1.000000000000000000e+00,-8.369986947403651456e-03,4.000000000000000000e+01,-2.092496736850912756e-04,4.696813971852787034e-04
4.000000000000000000e+01,4.000000000000000083e-03,6.000000000000000000e+00,0.000000000000000000e+00,5.000000000000000000e+01,1.000000000000000000e+01,4.000000000000000000e+01,9.900000000000000000e+01,2.000000000000000000e+01,0.000000000000000000e+00,0.000000000000000000e+00,1.000000000000000000e+00,1.000000000000000000e+00,1.000000000000000000e+00,0.000000000000000000e+00,3.000000000000000000e+01,0.000000000000000000e+00,2.168622327697037244e-04
4.000000000000000000e+01,4.000000000000000083e-03,8.000000000000000000e+00,2.000000000000000000e+00,5.000000000000000000e+01,5.000000000000000000e+00,3.000000000000000000e+00,9.900000000000000000e+01,2.000000000000000000e+01,0.000000000000000000e+00,1.000000000000000000e+00,0.000000000000000000e+00,1.000000000000000000e+00,0.000000000000000000e+00,-1.494682276776515550e-02,3.000000000000000000e+01,-4.497338841501053006e-04,4.096108345375703728e-04
6.000000000000000000e+01,1.000000000000000021e-03,6.000000000000000000e+00,2.000000000000000000e+00,5.000000000000000000e+01,5.000000000000000000e+00,3.000000000000000000e+01,9.900000000000000000e+01,2.000000000000000000e+01,0.000000000000000000e+00,0.000000000000000000e+00,0.000000000000000000e+00,1.000000000000000000e+00,0.000000000000000000e+00,0.000000000000000000e+00,3.000000000000000000e+01,0.000000000000000000e+00,3.288850826276358595e-04
6.000000000000000000e+01,2.000000000000000042e-03,3.000000000000000000e+00,2.000000000000000000e+00,5.000000000000000000e+01,2.000000000000000000e+01,3.000000000000000000e+01,9.900000000000000000e+01,2.000000000000000000e+01,1.000000000000000000e+00,0.000000000000000000e+00,0.000000000000000000e+00,1.000000000000000000e+00,0.000000000000000000e+00,-2.958547367825081764e-04,3.000000000000000000e+01,3.431694625965671928e-05,2.505533857561774197e-04
6.000000000000000000e+01,2.000000000000000042e-03,5.000000000000000000e+00,1.000000000000000000e+00,4.000000000000000000e+01,2.000000000000000000e+01,1.000000000000000000e+01,9.900000000000000000e+01,2.000000000000000000e+01,1.000000000000000000e+00,0.000000000000000000e+00,0.000000000000000000e+00,1.000000000000000000e+00,0.000000000000000000e+00,-1.028741463481031015e-02,4.000000000000000000e+01,-2.571853658702577539e-04,4.698894771769896806e-04
6.000000000000000000e+01,3.000000000000000062e-03,3.000000000000000000e+00,0.000000000000000000e+00,5.000000000000000000e+01,1.000000000000000000e+01,5.000000000000000000e+00,9.900000000000000000e+01,2.000000000000000000e+01,1.000000000000000000e+00,0.000000000000000000e+00,1.000000000000000000e+00,1.000000000000000000e+00,1.000000000000000000e+00,-2.125526181626391509e-02,3.000000000000000000e+01,-6.775869166190884524e-04,2.515184836914326639e-04
6.000000000000000000e+01,3.000000000000000062e-03,7.000000000000000000e+00,2.000000000000000000e+00,4.000000000000000000e+01,1.000000000000000000e+01,3.000000000000000000e+00,9.900000000000000000e+01,2.000000000000000000e+01,0.000000000000000000e+00,0.000000000000000000e+00,0.000000000000000000e+00,1.000000000000000000e+00,0.000000000000000000e+00,0.000000000000000000e+00,4.000000000000000000e+01,0.000000000000000000e+00,4.751641124206260644e-04
6.000000000000000000e+01,4.000000000000000083e-03,3.000000000000000000e+00,0.000000000000000000e+00,5.000000000000000000e+01,5.000000000000000000e+00,4.000000000000000000e+01,9.900000000000000000e+01,2.000000000000000000e+01,0.000000000000000000e+00,1.000000000000000000e+00,0.000000000000000000e+00,1.000000000000000000e+00,1.000000000000000000e+00,-1.148812124940923329e-02,3.000000000000000000e+01,-3.621097649580443893e-04,3.137402761915392179e-04
6.000000000000000000e+01,4.000000000000000083e-03,5.000000000000000000e+00,1.000000000000000000e+00,2.000000000000000000e+01,2.000000000000000000e+01,1.000000000000000000e+01,9.900000000000000000e+01,2.000000000000000000e+01,2.000000000000000000e+00,1.000000000000000000e+00,0.000000000000000000e+00,1.000000000000000000e+00,1.000000000000000000e+00,8.495315152234450551e-02,6.000000000000000000e+01,1.408809928091122200e-03,5.319928660362094460e-04
8.000000000000000000e+01,2.000000000000000042e-03,3.000000000000000000e+00,0.000000000000000000e+00,3.000000000000000000e+01,1.000000000000000000e+01,3.000000000000000000e+01,9.900000000000000000e+01,2.000000000000000000e+01,2.000000000000000000e+00,0.000000000000000000e+00,1.000000000000000000e+00,1.000000000000000000e+00,0.000000000000000000e+00,3.171317227243375392e-02,5.000000000000000000e+01,6.296545183172641081e-04,5.134486924787357107e-04
8.000000000000000000e+01,3.000000000000000062e-03,2.000000000000000000e+00,2.000000000000000000e+00,4.000000000000000000e+01,2.000000000000000000e+01,5.000000000000000000e+00,9.900000000000000000e+01,2.000000000000000000e+01,1.000000000000000000e+00,1.000000000000000000e+00,1.000000000000000000e+00,1.000000000000000000e+00,1.000000000000000000e+00,1.451351543779577646e-02,4.000000000000000000e+01,3.856493931047005994e-04,4.883777368498863538e-04
8.000000000000000000e+01,3.000000000000000062e-03,3.000000000000000000e+00,1.000000000000000000e+00,4.000000000000000000e+01,2.000000000000000000e+01,3.000000000000000000e+00,9.900000000000000000e+01,2.000000000000000000e+01,2.000000000000000000e+00,1.000000000000000000e+00,0.000000000000000000e+00,1.000000000000000000e+00,1.000000000000000000e+00,3.116232286002196261e-02,4.000000000000000000e+01,8.150674640646394121e-04,5.066933958231325261e-04
8.000000000000000000e+01,3.000000000000000062e-03,4.000000000000000000e+00,0.000000000000000000e+00,3.000000000000000000e+01,2.000000000000000000e+01,1.000000000000000000e+01,9.900000000000000000e+01,2.000000000000000000e+01,1.000000000000000000e+00,1.000000000000000000e+00,0.000000000000000000e+00,1.000000000000000000e+00,1.000000000000000000e+00,1.311625929833204474e-02,5.000000000000000000e+01,2.623251859666408969e-04,4.912621666147939156e-04
8.000000000000000000e+01,3.000000000000000062e-03,4.000000000000000000e+00,2.000000000000000000e+00,2.000000000000000000e+01,1.000000000000000000e+01,1.000000000000000000e+01,9.900000000000000000e+01,2.000000000000000000e+01,0.000000000000000000e+00,1.000000000000000000e+00,1.000000000000000000e+00,1.000000000000000000e+00,0.000000000000000000e+00,1.086384690288619836e-01,6.000000000000000000e+01,1.792156879684516247e-03,5.238910842411866877e-04
8.000000000000000000e+01,3.000000000000000062e-03,5.000000000000000000e+00,0.000000000000000000e+00,2.000000000000000000e+01,5.000000000000000000e+00,1.000000000000000000e+00,9.900000000000000000e+01,2.000000000000000000e+01,0.000000000000000000e+00,0.000000000000000000e+00,1.000000000000000000e+00,1.000000000000000000e+00,1.000000000000000000e+00,-2.640901215123281354e-03,6.000000000000000000e+01,-4.401502025205469013e-05,4.902932434131243361e-04
1.000000000000000000e+02,2.000000000000000042e-03,5.000000000000000000e+00,0.000000000000000000e+00,2.000000000000000000e+01,2.000000000000000000e+01,3.000000000000000000e+01,9.900000000000000000e+01,2.000000000000000000e+01,1.000000000000000000e+00,0.000000000000000000e+00,1.000000000000000000e+00,1.000000000000000000e+00,1.000000000000000000e+00,8.331704623730806780e-02,6.000000000000000000e+01,1.397895704621282455e-03,4.865933806237553410e-04
1.000000000000000000e+02,3.000000000000000062e-03,7.000000000000000000e+00,2.000000000000000000e+00,5.000000000000000000e+01,1.000000000000000000e+01,5.000000000000000000e+00,9.900000000000000000e+01,2.000000000000000000e+01,1.000000000000000000e+00,1.000000000000000000e+00,0.000000000000000000e+00,1.000000000000000000e+00,1.000000000000000000e+00,-1.073034716969301083e-02,3.000000000000000000e+01,-3.077310695949926904e-04,4.219022753644859742e-04
1.000000000000000000e+02,3.000000000000000062e-03,8.000000000000000000e+00,2.000000000000000000e+00,2.000000000000000000e+01,2.000000000000000000e+01,5.000000000000000000e+00,9.900000000000000000e+01,2.000000000000000000e+01,2.000000000000000000e+00,1.000000000000000000e+00,0.000000000000000000e+00,1.000000000000000000e+00,0.000000000000000000e+00,0.000000000000000000e+00,6.000000000000000000e+01,0.000000000000000000e+00,4.812242754611730086e-04
1.000000000000000000e+02,3.000000000000000062e-03,8.000000000000000000e+00,2.000000000000000000e+00,5.000000000000000000e+01,1.000000000000000000e+01,4.000000000000000000e+01,9.900000000000000000e+01,2.000000000000000000e+01,2.000000000000000000e+00,1.000000000000000000e+00,0.000000000000000000e+00,1.000000000000000000e+00,1.000000000000000000e+00,2.557671720595533493e-02,3.000000000000000000e+01,8.843347488545316281e-04,3.486872823430786357e-04
1.000000000000000000e+02,4.000000000000000083e-03,3.000000000000000000e+00,0.000000000000000000e+00,5.000000000000000000e+01,1.000000000000000000e+01,2.000000000000000000e+01,9.900000000000000000e+01,2.000000000000000000e+01,1.000000000000000000e+00,1.000000000000000000e+00,0.000000000000000000e+00,1.000000000000000000e+00,1.000000000000000000e+00,-5.198358508973544012e-03,3.000000000000000000e+01,-1.267936703847098387e-04,3.272577929220304039e-04
1.000000000000000000e+02,4.000000000000000083e-03,5.000000000000000000e+00,1.000000000000000000e+00,5.000000000000000000e+01,1.000000000000000000e+01,2.000000000000000000e+01,9.900000000000000000e+01,2.000000000000000000e+01,1.000000000000000000e+00,1.000000000000000000e+00,0.000000000000000000e+00,1.000000000000000000e+00,1.000000000000000000e+00,-1.080442230272793402e-02,3.000000000000000000e+01,-3.338589640606663407e-04,3.887570764825265751e-04
1.000000000000000000e+02,4.000000000000000083e-03,7.000000000000000000e+00,0.000000000000000000e+00,3.000000000000000000e+01,2.000000000000000000e+01,3.000000000000000000e+00,9.900000000000000000e+01,2.000000000000000000e+01,1.000000000000000000e+00,1.000000000000000000e+00,1.000000000000000000e+00,1.000000000000000000e+00,1.000000000000000000e+00,1.447965090756200279e-01,5.000000000000000000e+01,2.744219513611803260e-03,5.353745774751875967e-04
1.200000000000000000e+02,2.000000000000000042e-03,1.000000000000000000e+00,2.000000000000000000e+00,4.000000000000000000e+01,1.000000000000000000e+01,2.000000000000000000e+01,9.900000000000000000e+01,2.000000000000000000e+01,1.000000000000000000e+00,0.000000000000000000e+00,1.000000000000000000e+00,1.000000000000000000e+00,1.000000000000000000e+00,1.910685769647035848e-02,4.000000000000000000e+01,4.843453049337226530e-04,3.668212834837214996e-04
1.200000000000000000e+02,2.000000000000000042e-03,2.000000000000000000e+00,2.000000000000000000e+00,4.000000000000000000e+01,5.000000000000000000e+00,2.000000000000000000e+01,9.900000000000000000e+01,2.000000000000000000e+01,1.000000000000000000e+00,0.000000000000000000e+00,0.000000000000000000e+00,1.000000000000000000e+00,0.000000000000000000e+00,2.467535485131411299e-02,4.000000000000000000e+01,6.127101375080296281e-04,3.713359910696795380e-04
1.200000000000000000e+02,2.000000000000000042e-03,6.000000000000000000e+00,0.000000000000000000e+00,2.000000000000000000e+01,1.000000000000000000e+01,3.000000000000000000e+01,9.900000000000000000e+01,2.000000000000000000e+01,0.000000000000000000e+00,1.000000000000000000e+00,0.000000000000000000e+00,1.000000000000000000e+00,1.000000000000000000e+00,2.230346667788873916e-03,6.000000000000000000e+01,5.144685358274281306e-05,4.801252758737006485e-04
1.200000000000000000e+02,2.000000000000000042e-03,8.000000000000000000e+00,2.000000000000000000e+00,2.000000000000000000e+01,2.000000000000000000e+01,5.000000000000000000e+00,9.900000000000000000e+01,2.000000000000000000e+01,2.000000000000000000e+00,0.000000000000000000e+00,1.000000000000000000e+00,1.000000000000000000e+00,1.000000000000000000e+00,7.762924092784295738e-02,6.000000000000000000e+01,1.266697558476509401e-03,4.761686028475889182e-04
1.200000000000000000e+02,3.000000000000000062e-03,3.000000000000000000e+00,1.000000000000000000e+00,2.000000000000000000e+01,1.000000000000000000e+01,1.000000000000000000e+01,9.900000000000000000e+01,2.000000000000000000e+01,2.000000000000000000e+00,0.000000000000000000e+00,1.000000000000000000e+00,1.000000000000000000e+00,0.000000000000000000e+00,7.197458302648773731e-02,6.000000000000000000e+01,1.215058931552076560e-03,5.211538582426833042e-04
1.200000000000000000e+02,4.000000000000000083e-03,1.000000000000000000e+00,0.000000000000000000e+00,2.000000000000000000e+01,5.000000000000000000e+00,5.000000000000000000e+00,9.900000000000000000e+01,2.000000000000000000e+01,0.000000000000000000e+00,1.000000000000000000e+00,0.000000000000000000e+00,1.000000000000000000e+00,1.000000000000000000e+00,4.134848849675210047e-02,6.000000000000000000e+01,7.307007639910693356e-04,5.959733672419469976e-04
1.200000000000000000e+02,4.000000000000000083e-03,6.000000000000000000e+00,0.000000000000000000e+00,2.000000000000000000e+01,5.000000000000000000e+00,3.000000000000000000e+01,9.900000000000000000e+01,2.000000000000000000e+01,1.000000000000000000e+00,1.000000000000000000e+00,0.000000000000000000e+00,1.000000000000000000e+00,0.000000000000000000e+00,1.023669232317832023e-01,6.000000000000000000e+01,1.683948182836743791e-03,4.864550742409971427e-04
1.400000000000000000e+02,1.000000000000000021e-03,1.000000000000000000e+00,2.000000000000000000e+00,5.000000000000000000e+01,1.000000000000000000e+01,4.000000000000000000e+01,9.900000000000000000e+01,2.000000000000000000e+01,1.000000000000000000e+00,0.000000000000000000e+00,1.000000000000000000e+00,1.000000000000000000e+00,0.000000000000000000e+00,-1.458406149563218346e-02,3.000000000000000000e+01,-4.459982255924625381e-04,2.731117126361127536e-04
1.400000000000000000e+02,1.000000000000000021e-03,3.000000000000000000e+00,2.000000000000000000e+00,4.000000000000000000e+01,2.000000000000000000e+01,3.000000000000000000e+00,9.900000000000000000e+01,2.000000000000000000e+01,1.000000000000000000e+00,1.000000000000000000e+00,1.000000000000000000e+00,1.000000000000000000e+00,1.000000000000000000e+00,5.280236062730958579e-02,4.000000000000000000e+01,1.331506780287353055e-03,5.657783924783339746e-04
1.400000000000000000e+02,1.000000000000000021e-03,4.000000000000000000e+00,1.000000000000000000e+00,3.000000000000000000e+01,5.000000000000000000e+00,2.000000000000000000e+01,9.900000000000000000e+01,2.000000000000000000e+01,0.000000000000000000e+00,1.000000000000000000e+00,0.000000000000000000e+00,1.000000000000000000e+00,1.000000000000000000e+00,0.000000000000000000e+00,5.000000000000000000e+01,0.000000000000000000e+00,4.889305120707314626e-04
1.400000000000000000e+02,1.000000000000000021e-03,7.000000000000000000e+00,0.000000000000000000e+00,4.000000000000000000e+01,2.000000000000000000e+01,4.000000000000000000e+01,9.900000000000000000e+01,2.000000000000000000e+01,1.000000000000000000e+00,1.000000000000000000e+00,0.000000000000000000e+00,1.000000000000000000e+00,1.000000000000000000e+00,0.000000000000000000e+00,4.000000000000000000e+01,0.000000000000000000e+00,4.754011309040118843e-04
1.400000000000000000e+02,2.000000000000000042e-03,1.000000000000000000e+00,0.000000000000000000e+00,3.000000000000000000e+01,5.000000000000000000e+00,1.000000000000000000e+01,9.900000000000000000e+01,2.000000000000000000e+01,1.000000000000000000e+00,1.000000000000000000e+00,1.000000000000000000e+00,1.000000000000000000e+00,1.000000000000000000e+00,5.255173498813525690e-02,5.000000000000000000e+01,1.037648871287897255e-03,4.672517240968619679e-04
1.400000000000000000e+02,2.000000000000000042e-03,6.000000000000000000e+00,0.000000000000000000e+00,4.000000000000000000e+01,2.000000000000000000e+01,1.000000000000000000e+00,9.900000000000000000e+01,2.000000000000000000e+01,0.000000000000000000e+00,0.000000000000000000e+00,0.000000000000000000e+00,1.000000000000000000e+00,1.000000000000000000e+00,0.000000000000000000e+00,4.000000000000000000e+01,0.000000000000000000e+00,4.718072912422498037e-04
1.400000000000000000e+02,3.000000000000000062e-03,3.000000000000000000e+00,1.000000000000000000e+00,5.000000000000000000e+01,5.000000000000000000e+00,4.000000000000000000e+01,9.900000000000000000e+01,2.000000000000000000e+01,1.000000000000000000e+00,1.000000000000000000e+00,0.000000000000000000e+00,1.000000000000000000e+00,1.000000000000000000e+00,-7.713166290127193570e-03,3.000000000000000000e+01,-2.165141379984321878e-04,3.064516900812870462e-04
1.400000000000000000e+02,3.000000000000000062e-03,7.000000000000000000e+00,2.000000000000000000e+00,2.000000000000000000e+01,2.000000000000000000e+01,4.000000000000000000e+01,9.900000000000000000e+01,2.000000000000000000e+01,2.000000000000000000e+00,0.000000000000000000e+00,0.000000000000000000e+00,1.000000000000000000e+00,0.000000000000000000e+00,6.532571342754422972e-05,6.000000000000000000e+01,2.320831477246413764e-06,4.717731557250332756e-04
1.400000000000000000e+02,4.000000000000000083e-03,2.000000000000000000e+00,0.000000000000000000e+00,5.000000000000000000e+01,5.000000000000000000e+00,1.000000000000000000e+01,9.900000000000000000e+01,2.000000000000000000e+01,1.000000000000000000e+00,0.000000000000000000e+00,1.000000000000000000e+00,1.000000000000000000e+00,1.000000000000000000e+00,4.695750164026790685e-03,3.000000000000000000e+01,2.056455908236776208e-04,2.753519812118430184e-04
1.400000000000000000e+02,4.000000000000000083e-03,3.000000000000000000e+00,1.000000000000000000e+00,3.000000000000000000e+01,1.000000000000000000e+01,3.000000000000000000e+01,9.900000000000000000e+01,2.000000000000000000e+01,2.000000000000000000e+00,0.000000000000000000e+00,1.000000000000000000e+00,1.000000000000000000e+00,0.000000000000000000e+00,2.548655002184840868e-02,5.000000000000000000e+01,5.208173049089892493e-04,5.149888123006650690e-04
1.400000000000000000e+02,4.000000000000000083e-03,3.000000000000000000e+00,1.000000000000000000e+00,4.000000000000000000e+01,2.000000000000000000e+01,3.000000000000000000e+00,9.900000000000000000e+01,2.000000000000000000e+01,1.000000000000000000e+00,1.000000000000000000e+00,0.000000000000000000e+00,1.000000000000000000e+00,0.000000000000000000e+00,3.135992383980523712e-02,4.000000000000000000e+01,8.305085126551120306e-04,5.525568729848804022e-04
1.400000000000000000e+02,4.000000000000000083e-03,5.000000000000000000e+00,2.000000000000000000e+00,5.000000000000000000e+01,2.000000000000000000e+01,3.000000000000000000e+01,9.900000000000000000e+01,2.000000000000000000e+01,1.000000000000000000e+00,1.000000000000000000e+00,1.000000000000000000e+00,1.000000000000000000e+00,1.000000000000000000e+00,2.812112036900416001e-02,3.000000000000000000e+01,9.363383498616872479e-04,1.374343211448813195e-03
