0.000000000000000000e+00,-5.000000000000000104e-03,-1.000000000000000021e-02,2.000000000000000042e-03,2.802686506516290262e-03
0.000000000000000000e+00,-5.000000000000000104e-03,-1.000000000000000021e-02,7.000000000000000146e-03,3.966933345518437390e-03
0.000000000000000000e+00,-5.000000000000000104e-03,-1.000000000000000021e-02,1.400000000000000029e-02,5.816882002997061582e-03
0.000000000000000000e+00,-5.000000000000000104e-03,-1.000000000000000021e-02,1.499999999999999944e-02,5.752735050135841799e-03
0.000000000000000000e+00,-5.000000000000000104e-03,-1.000000000000000021e-02,1.899999999999999953e-02,6.704362150834621004e-03
0.000000000000000000e+00,-5.000000000000000104e-03,-8.000000000000000167e-03,1.200000000000000025e-02,4.943342296195587897e-03
0.000000000000000000e+00,-5.000000000000000104e-03,-8.000000000000000167e-03,1.899999999999999953e-02,6.437621539151764175e-03
0.000000000000000000e+00,-5.000000000000000104e-03,-7.000000000000000146e-03,2.000000000000000042e-03,2.838750543680601535e-03
0.000000000000000000e+00,-5.000000000000000104e-03,-7.000000000000000146e-03,8.000000000000000167e-03,4.410060261620335140e-03
0.000000000000000000e+00,-5.000000000000000104e-03,-7.000000000000000146e-03,1.200000000000000025e-02,5.113876243473579677e-03
0.000000000000000000e+00,-5.000000000000000104e-03,-7.000000000000000146e-03,1.899999999999999953e-02,6.630093017897201180e-03
0.000000000000000000e+00,-5.000000000000000104e-03,-6.000000000000000125e-03,2.000000000000000042e-03,2.600700450113633926e-03
0.000000000000000000e+00,-5.000000000000000104e-03,-4.000000000000000083e-03,2.000000000000000042e-03,2.306801205693687160e-03
0.000000000000000000e+00,-5.000000000000000104e-03,-4.000000000000000083e-03,5.000000000000000104e-03,2.821719193494828977e-03
0.000000000000000000e+00,-5.000000000000000104e-03,-4.000000000000000083e-03,8.000000000000000167e-03,4.038678021919024294e-03
0.000000000000000000e+00,-5.000000000000000104e-03,-4.000000000000000083e-03,1.099999999999999936e-02,4.205591813608100873e-03
0.000000000000000000e+00,-5.000000000000000104e-03,-4.000000000000000083e-03,1.200000000000000025e-02,4.180820653998480393e-03
0.000000000000000000e+00,-5.000000000000000104e-03,-4.000000000000000083e-03,1.400000000000000029e-02,4.787839964388839083e-03
0.000000000000000000e+00,-5.000000000000000104e-03,-4.000000000000000083e-03,1.700000000000000122e-02,5.176630163506746977e-03
0.000000000000000000e+00,-5.000000000000000104e-03,-4.000000000000000083e-03,1.899999999999999953e-02,5.726292783842530827e-03
0.000000000000000000e+00,-4.400000000000000265e-03,-8.999999999999999320e-03,1.499999999999999944e-02,6.508379028689947887e-03
0.000000000000000000e+00,-4.000000000000000083e-03,-8.999999999999999320e-03,1.000000000000000021e-02,5.769978697210230781e-03
0.000000000000000000e+00,-3.799999999999999992e-03,-6.000000000000000125e-03,1.700000000000000122e-02,7.745784042390718889e-03
0.000000000000000000e+00,-2.899999999999999800e-03,-1.000000000000000021e-02,1.099999999999999936e-02,8.411845133413703088e-03
0.000000000000000000e+00,-2.799999999999999972e-03,-7.000000000000000146e-03,1.600000000000000033e-02,1.118723210497955638e-02
0.000000000000000000e+00,-2.599999999999999881e-03,-7.000000000000000146e-03,8.000000000000000167e-03,7.917399284056903311e-03
0.000000000000000000e+00,-2.299999999999999961e-03,-1.000000000000000021e-02,1.499999999999999944e-02,1.290248439356616629e-02
0.000000000000000000e+00,-2.200000000000000133e-03,-1.000000000000000021e-02,1.899999999999999953e-02,1.499972333113857616e-02
0.000000000000000000e+00,-2.200000000000000133e-03,-4.000000000000000083e-03,1.899999999999999953e-02,1.336210488347408173e-02
0.000000000000000000e+00,-2.099999999999999870e-03,-1.000000000000000021e-02,1.000000000000000021e-02,1.031095390245396343e-02
0.000000000000000000e+00,-2.099999999999999870e-03,-1.000000000000000021e-02,1.600000000000000033e-02,1.432156722866747590e-02
0.000000000000000000e+00,-2.099999999999999870e-03,-7.000000000000000146e-03,1.299999999999999940e-02,1.246864074820101115e-02
0.000000000000000000e+00,-2.099999999999999870e-03,-7.000000000000000146e-03,1.499999999999999944e-02,1.368033264962313991e-02
0.000000000000000000e+00,-2.099999999999999870e-03,-4.000000000000000083e-03,1.000000000000000021e-02,9.400832883488859787e-03
0.000000000000000000e+00,-2.099999999999999870e-03,-4.000000000000000083e-03,1.499999999999999944e-02,1.240936714388315987e-02
0.000000000000000000e+00,-2.099999999999999870e-03,-4.000000000000000083e-03,1.700000000000000122e-02,1.312853340634790623e-02
0.000000000000000000e+00,-2.000000000000000042e-03,-1.000000000000000021e-02,1.299999999999999940e-02,1.286956858504752742e-02
0.000000000000000000e+00,-2.000000000000000042e-03,-8.000000000000000167e-03,1.400000000000000029e-02,1.352901696551499222e-02
0.000000000000000000e+00,-2.000000000000000042e-03,-6.000000000000000125e-03,1.299999999999999940e-02,1.264402235776889219e-02
0.000000000000000000e+00,-1.899999999999999996e-03,-6.000000000000000125e-03,1.000000000000000021e-02,1.083265355790939341e-02
0.000000000000000000e+00,-1.899999999999999996e-03,-5.000000000000000104e-03,1.899999999999999953e-02,1.618901220453870457e-02
0.000000000000000000e+00,-1.799999999999999951e-03,-8.000000000000000167e-03,1.899999999999999953e-02,1.716015158100104090e-02
0.000000000000000000e+00,-1.799999999999999951e-03,-5.000000000000000104e-03,1.899999999999999953e-02,1.678245115278047608e-02
0.000000000000000000e+00,-1.799999999999999951e-03,-4.000000000000000083e-03,1.000000000000000021e-02,1.066557637622676802e-02
0.000000000000000000e+00,-1.699999999999999905e-03,-1.000000000000000021e-02,1.200000000000000025e-02,1.353262284608835152e-02
0.000000000000000000e+00,-1.699999999999999905e-03,-6.000000000000000125e-03,1.000000000000000021e-02,1.157838195161656897e-02
0.000000000000000000e+00,-1.699999999999999905e-03,-6.000000000000000125e-03,1.799999999999999864e-02,1.672777577708644409e-02
0.000000000000000000e+00,-1.600000000000000077e-03,-8.999999999999999320e-03,1.700000000000000122e-02,1.703221499552454513e-02
0.000000000000000000e+00,-1.600000000000000077e-03,-7.000000000000000146e-03,1.899999999999999953e-02,1.769616134254525103e-02
0.000000000000000000e+00,-1.600000000000000077e-03,-4.000000000000000083e-03,1.700000000000000122e-02,1.567075361176831216e-02
0.000000000000000000e+00,-1.500000000000000031e-03,-8.000000000000000167e-03,1.899999999999999953e-02,1.811811719166479817e-02
0.000000000000000000e+00,-1.500000000000000031e-03,-6.000000000000000125e-03,1.600000000000000033e-02,1.690793498392680408e-02
0.000000000000000000e+00,-1.399999999999999986e-03,-1.000000000000000021e-02,1.899999999999999953e-02,1.870360224920248476e-02
0.000000000000000000e+00,-1.399999999999999986e-03,-5.000000000000000104e-03,1.600000000000000033e-02,1.749191499847638914e-02
0.000000000000000000e+00,-1.399999999999999986e-03,-5.000000000000000104e-03,1.700000000000000122e-02,1.769430326873628473e-02
0.000000000000000000e+00,-1.299999999999999940e-03,-8.999999999999999320e-03,7.000000000000000146e-03,9.004581172372325831e-03
0.000000000000000000e+00,-1.299999999999999940e-03,-8.999999999999999320e-03,1.499999999999999944e-02,1.732815242243663720e-02
0.000000000000000000e+00,-1.299999999999999940e-03,-8.999999999999999320e-03,1.899999999999999953e-02,1.907874360947705086e-02
0.000000000000000000e+00,-1.299999999999999940e-03,-8.000000000000000167e-03,1.600000000000000033e-02,1.818389180413929745e-02
0.000000000000000000e+00,-1.299999999999999940e-03,-7.000000000000000146e-03,1.700000000000000122e-02,1.838627857430271198e-02
0.000000000000000000e+00,-1.299999999999999940e-03,-7.000000000000000146e-03,1.899999999999999953e-02,1.907874360947705086e-02
0.000000000000000000e+00,-1.199999999999999895e-03,-1.000000000000000021e-02,1.600000000000000033e-02,1.844405668877004828e-02
0.000000000000000000e+00,-1.199999999999999895e-03,-1.000000000000000021e-02,1.799999999999999864e-02,1.897775545769977285e-02
0.000000000000000000e+00,-1.199999999999999895e-03,-8.000000000000000167e-03,1.000000000000000021e-02,1.325786785651488463e-02
0.000000000000000000e+00,-1.199999999999999895e-03,-7.000000000000000146e-03,1.799999999999999864e-02,1.897775545769977285e-02
0.000000000000000000e+00,-1.199999999999999895e-03,-6.000000000000000125e-03,1.499999999999999944e-02,1.742719355877116877e-02
0.000000000000000000e+00,-1.199999999999999895e-03,-5.000000000000000104e-03,1.200000000000000025e-02,1.494906402678968307e-02
0.000000000000000000e+00,-1.100000000000000066e-03,-7.000000000000000146e-03,1.299999999999999940e-02,1.606947888377078734e-02
0.000000000000000000e+00,-1.100000000000000066e-03,-6.000000000000000125e-03,1.799999999999999864e-02,1.896711859928910601e-02
0.000000000000000000e+00,-1.100000000000000066e-03,-5.000000000000000104e-03,1.799999999999999864e-02,1.893310766025502884e-02
0.000000000000000000e+00,-1.100000000000000066e-03,-5.000000000000000104e-03,1.899999999999999953e-02,1.927773080650218435e-02
0.000000000000000000e+00,-1.000000000000000021e-03,-1.000000000000000021e-02,1.600000000000000033e-02,1.892242377417870103e-02
0.000000000000000000e+00,-1.000000000000000021e-03,-1.000000000000000021e-02,1.899999999999999953e-02,1.990677054410752017e-02
0.000000000000000000e+00,-1.000000000000000021e-03,-8.999999999999999320e-03,1.499999999999999944e-02,1.823870484882850543e-02
0.000000000000000000e+00,-1.000000000000000021e-03,-8.999999999999999320e-03,1.600000000000000033e-02,1.892242377417870103e-02
0.000000000000000000e+00,-1.000000000000000021e-03,-6.000000000000000125e-03,1.600000000000000033e-02,1.863959596536898106e-02
0.000000000000000000e+00,-1.000000000000000021e-03,-6.000000000000000125e-03,1.899999999999999953e-02,1.956308105492103253e-02
0.000000000000000000e+00,-1.000000000000000021e-03,-5.000000000000000104e-03,1.400000000000000029e-02,1.727997243794712062e-02
0.000000000000000000e+00,-1.000000000000000021e-03,-5.000000000000000104e-03,1.700000000000000122e-02,1.880284663774895587e-02
0.000000000000000000e+00,-1.000000000000000021e-03,-5.000000000000000104e-03,1.799999999999999864e-02,1.906319415001827416e-02
0.000000000000000000e+00,-8.999999999999999754e-04,-8.999999999999999320e-03,1.700000000000000122e-02,1.916393072166831801e-02
0.000000000000000000e+00,-8.999999999999999754e-04,-8.999999999999999320e-03,1.899999999999999953e-02,1.979883257082118084e-02
0.000000000000000000e+00,-8.999999999999999754e-04,-8.000000000000000167e-03,1.799999999999999864e-02,1.937465475746622326e-02
0.000000000000000000e+00,-8.999999999999999754e-04,-7.000000000000000146e-03,1.600000000000000033e-02,1.897406985917206301e-02
0.000000000000000000e+00,-8.999999999999999754e-04,-7.000000000000000146e-03,1.700000000000000122e-02,1.916393072166831801e-02
0.000000000000000000e+00,-8.999999999999999754e-04,-6.000000000000000125e-03,1.700000000000000122e-02,1.888110291285859804e-02
0.000000000000000000e+00,-8.999999999999999754e-04,-6.000000000000000125e-03,1.799999999999999864e-02,1.907034635558235020e-02
0.000000000000000000e+00,-8.999999999999999754e-04,-6.000000000000000125e-03,1.899999999999999953e-02,1.945514308163469666e-02
0.000000000000000000e+00,-8.999999999999999754e-04,-5.000000000000000104e-03,1.899999999999999953e-02,1.942113214260061602e-02
0.000000000000000000e+00,-8.000000000000000383e-04,-1.000000000000000021e-02,1.899999999999999953e-02,1.983978724149208436e-02
0.000000000000000000e+00,-8.000000000000000383e-04,-6.000000000000000125e-03,1.600000000000000033e-02,1.889342234383321190e-02
0.000000000000000000e+00,-8.000000000000000383e-04,-4.000000000000000083e-03,1.400000000000000029e-02,1.663052104514389784e-02
0.000000000000000000e+00,-8.000000000000000383e-04,-4.000000000000000083e-03,1.899999999999999953e-02,1.838496822301827899e-02
0.000000000000000000e+00,-6.999999999999999929e-04,-1.000000000000000021e-02,1.700000000000000122e-02,1.890910521991253854e-02
0.000000000000000000e+00,-6.999999999999999929e-04,-7.000000000000000146e-03,1.499999999999999944e-02,1.807308560892605803e-02
0.000000000000000000e+00,-6.999999999999999929e-04,-5.000000000000000104e-03,1.899999999999999953e-02,1.911409343137873695e-02
0.000000000000000000e+00,-6.999999999999999929e-04,-4.000000000000000083e-03,1.899999999999999953e-02,1.820619362313050799e-02
0.000000000000000000e+00,-5.999999999999999474e-04,-8.999999999999999320e-03,1.899999999999999953e-02,1.929113885887285759e-02
0.000000000000000000e+00,-5.999999999999999474e-04,-8.000000000000000167e-03,1.499999999999999944e-02,1.790370061454607531e-02
0.000000000000000000e+00,-5.999999999999999474e-04,-4.000000000000000083e-03,1.299999999999999940e-02,1.495033317705812825e-02
0.000000000000000000e+00,-5.000000000000000104e-04,-7.000000000000000146e-03,1.899999999999999953e-02,1.921766546636737710e-02
0.000000000000000000e+00,-5.000000000000000104e-04,-5.000000000000000104e-03,1.700000000000000122e-02,1.829776050754790620e-02
0.000000000000000000e+00,-5.000000000000000104e-04,-4.000000000000000083e-03,1.700000000000000122e-02,1.743025692179030889e-02
0.000000000000000000e+00,-2.999999999999999737e-04,-1.000000000000000021e-02,1.499999999999999944e-02,1.709985866416818823e-02
0.000000000000000000e+00,-2.999999999999999737e-04,-1.000000000000000021e-02,1.600000000000000033e-02,1.755469493855526739e-02
0.000000000000000000e+00,-2.999999999999999737e-04,-5.000000000000000104e-03,1.600000000000000033e-02,1.723785619071147024e-02
0.000000000000000000e+00,-2.999999999999999737e-04,-4.000000000000000083e-03,1.799999999999999864e-02,1.676132822243800446e-02
0.000000000000000000e+00,-2.000000000000000096e-04,-5.000000000000000104e-03,1.899999999999999953e-02,1.777640320197660523e-02
0.000000000000000000e+00,-1.000000000000000048e-04,-1.000000000000000021e-02,2.000000000000000042e-03,3.317253483271942471e-03
0.000000000000000000e+00,-1.000000000000000048e-04,-1.000000000000000021e-02,7.000000000000000146e-03,9.585278559736176707e-03
0.000000000000000000e+00,-1.000000000000000048e-04,-1.000000000000000021e-02,8.000000000000000167e-03,1.116445843758319054e-02
0.000000000000000000e+00,-1.000000000000000048e-04,-1.000000000000000021e-02,8.999999999999999320e-03,1.218289511252639359e-02
0.000000000000000000e+00,-1.000000000000000048e-04,-1.000000000000000021e-02,1.000000000000000021e-02,1.335197924273692771e-02
0.000000000000000000e+00,-1.000000000000000048e-04,-1.000000000000000021e-02,1.200000000000000025e-02,1.447759153324381688e-02
0.000000000000000000e+00,-1.000000000000000048e-04,-1.000000000000000021e-02,1.299999999999999940e-02,1.479612485332741124e-02
0.000000000000000000e+00,-1.000000000000000048e-04,-1.000000000000000021e-02,1.400000000000000029e-02,1.570781678393944752e-02
0.000000000000000000e+00,-1.000000000000000048e-04,-1.000000000000000021e-02,1.899999999999999953e-02,1.755155120000624278e-02
0.000000000000000000e+00,-1.000000000000000048e-04,-8.999999999999999320e-03,1.400000000000000029e-02,1.570781678393944752e-02
0.000000000000000000e+00,-1.000000000000000048e-04,-8.000000000000000167e-03,1.099999999999999936e-02,1.393208101728863647e-02
0.000000000000000000e+00,-1.000000000000000048e-04,-8.000000000000000167e-03,1.200000000000000025e-02,1.447759153324381688e-02
0.000000000000000000e+00,-1.000000000000000048e-04,-8.000000000000000167e-03,1.700000000000000122e-02,1.695577916307906136e-02
0.000000000000000000e+00,-1.000000000000000048e-04,-7.000000000000000146e-03,5.000000000000000104e-03,6.545446096201787758e-03
0.000000000000000000e+00,-1.000000000000000048e-04,-7.000000000000000146e-03,6.000000000000000125e-03,8.627715287325896792e-03
0.000000000000000000e+00,-1.000000000000000048e-04,-7.000000000000000146e-03,8.000000000000000167e-03,1.116445843758319054e-02
0.000000000000000000e+00,-1.000000000000000048e-04,-7.000000000000000146e-03,1.099999999999999936e-02,1.393208101728863647e-02
0.000000000000000000e+00,-1.000000000000000048e-04,-7.000000000000000146e-03,1.400000000000000029e-02,1.570781678393944752e-02
0.000000000000000000e+00,-1.000000000000000048e-04,-7.000000000000000146e-03,1.700000000000000122e-02,1.695577916307906136e-02
0.000000000000000000e+00,-1.000000000000000048e-04,-6.000000000000000125e-03,2.000000000000000042e-03,3.206270419055474996e-03
0.000000000000000000e+00,-1.000000000000000048e-04,-6.000000000000000125e-03,8.000000000000000167e-03,1.098903359414425511e-02
0.000000000000000000e+00,-1.000000000000000048e-04,-6.000000000000000125e-03,1.099999999999999936e-02,1.374233577846692943e-02
0.000000000000000000e+00,-1.000000000000000048e-04,-6.000000000000000125e-03,1.200000000000000025e-02,1.425920550365656833e-02
0.000000000000000000e+00,-1.000000000000000048e-04,-6.000000000000000125e-03,1.299999999999999940e-02,1.457057862604877428e-02
0.000000000000000000e+00,-1.000000000000000048e-04,-6.000000000000000125e-03,1.499999999999999944e-02,1.607289092814301323e-02
0.000000000000000000e+00,-1.000000000000000048e-04,-6.000000000000000125e-03,1.799999999999999864e-02,1.689455215047826545e-02
0.000000000000000000e+00,-1.000000000000000048e-04,-6.000000000000000125e-03,1.899999999999999953e-02,1.720786171081975513e-02
0.000000000000000000e+00,-1.000000000000000048e-04,-5.000000000000000104e-03,1.400000000000000029e-02,1.544825961762673686e-02
0.000000000000000000e+00,-1.000000000000000048e-04,-5.000000000000000104e-03,1.499999999999999944e-02,1.603887998910893259e-02
0.000000000000000000e+00,-1.000000000000000048e-04,-4.000000000000000083e-03,2.000000000000000042e-03,2.801546852239154926e-03
0.000000000000000000e+00,-1.000000000000000048e-04,-4.000000000000000083e-03,5.000000000000000104e-03,6.022579267477616571e-03
0.000000000000000000e+00,-1.000000000000000048e-04,-4.000000000000000083e-03,6.000000000000000125e-03,8.065655122240618369e-03
0.000000000000000000e+00,-1.000000000000000048e-04,-4.000000000000000083e-03,8.999999999999999320e-03,1.155703969133524064e-02
0.000000000000000000e+00,-1.000000000000000048e-04,-4.000000000000000083e-03,1.099999999999999936e-02,1.329443997072066175e-02
0.000000000000000000e+00,-1.000000000000000048e-04,-4.000000000000000083e-03,1.200000000000000025e-02,1.357980246822533196e-02
0.000000000000000000e+00,-1.000000000000000048e-04,-4.000000000000000083e-03,1.400000000000000029e-02,1.480286752122957940e-02
0.000000000000000000e+00,-1.000000000000000048e-04,-4.000000000000000083e-03,1.499999999999999944e-02,1.539348789271177687e-02
0.000000000000000000e+00,-1.000000000000000048e-04,-4.000000000000000083e-03,1.600000000000000033e-02,1.571040945446419701e-02
0.000000000000000000e+00,-1.000000000000000048e-04,-4.000000000000000083e-03,1.799999999999999864e-02,1.608768911419480863e-02
0.000000000000000000e+00,-1.000000000000000048e-04,-4.000000000000000083e-03,1.899999999999999953e-02,1.640099867453629831e-02
1.000000000000000048e-04,-4.400000000000000265e-03,-6.000000000000000125e-03,1.400000000000000029e-02,5.983164238155221255e-03
1.000000000000000048e-04,-3.500000000000000073e-03,-8.000000000000000167e-03,1.499999999999999944e-02,8.365696964029712551e-03
1.000000000000000048e-04,-3.399999999999999811e-03,-5.000000000000000104e-03,7.000000000000000146e-03,5.561506531278447366e-03
1.000000000000000048e-04,-2.399999999999999790e-03,-4.000000000000000083e-03,1.600000000000000033e-02,1.153410659099543718e-02
1.000000000000000048e-04,-2.299999999999999961e-03,-8.000000000000000167e-03,5.000000000000000104e-03,5.442877620522886158e-03
1.000000000000000048e-04,-1.500000000000000031e-03,-4.000000000000000083e-03,6.000000000000000125e-03,6.627539903164736575e-03
1.000000000000000048e-04,-1.100000000000000066e-03,-1.000000000000000021e-02,1.899999999999999953e-02,1.968799293316582724e-02
1.000000000000000048e-04,-1.000000000000000021e-03,-8.000000000000000167e-03,7.000000000000000146e-03,9.490434109436710411e-03
1.000000000000000048e-04,-8.000000000000000383e-04,-4.000000000000000083e-03,1.600000000000000033e-02,1.794601597932410711e-02
1.000000000000000048e-04,-6.999999999999999929e-04,-8.000000000000000167e-03,1.700000000000000122e-02,1.921173225313521291e-02
1.000000000000000048e-04,-6.999999999999999929e-04,-7.000000000000000146e-03,1.899999999999999953e-02,1.982609644987955860e-02
1.000000000000000048e-04,-2.999999999999999737e-04,-8.999999999999999320e-03,1.799999999999999864e-02,1.836808171545539076e-02
1.000000000000000048e-04,-1.000000000000000048e-04,-8.999999999999999320e-03,1.600000000000000033e-02,1.740629443698701526e-02
2.000000000000000096e-04,-2.599999999999999881e-03,-4.000000000000000083e-03,2.000000000000000042e-03,2.334918303297504796e-03
2.000000000000000096e-04,-8.999999999999999754e-04,-1.000000000000000021e-02,1.799999999999999864e-02,1.951379229617679345e-02
2.000000000000000096e-04,-6.999999999999999929e-04,-1.000000000000000021e-02,1.899999999999999953e-02,1.983741201378529800e-02
2.000000000000000096e-04,-5.999999999999999474e-04,-7.000000000000000146e-03,1.600000000000000033e-02,1.889606696040162584e-02
2.000000000000000096e-04,-2.999999999999999737e-04,-1.000000000000000021e-02,1.700000000000000122e-02,1.826530703566543387e-02
2.000000000000000096e-04,-1.000000000000000048e-04,-4.000000000000000083e-03,1.600000000000000033e-02,1.641967192923633051e-02
2.999999999999999737e-04,-5.000000000000000104e-03,-6.000000000000000125e-03,1.400000000000000029e-02,5.524837781133887064e-03
2.999999999999999737e-04,-4.199999999999999740e-03,-1.000000000000000021e-02,8.999999999999999320e-03,5.646175530613579789e-03
2.999999999999999737e-04,-1.299999999999999940e-03,-1.000000000000000021e-02,1.700000000000000122e-02,1.849293067832477946e-02
2.999999999999999737e-04,-8.999999999999999754e-04,-7.000000000000000146e-03,1.899999999999999953e-02,1.995609077564704931e-02
2.999999999999999737e-04,-8.999999999999999754e-04,-5.000000000000000104e-03,1.600000000000000033e-02,1.880906961924790413e-02
2.999999999999999737e-04,-8.000000000000000383e-04,-8.999999999999999320e-03,1.799999999999999864e-02,1.970255970790989880e-02
2.999999999999999737e-04,-6.999999999999999929e-04,-8.999999999999999320e-03,1.899999999999999953e-02,1.985980318350782925e-02
2.999999999999999737e-04,-6.999999999999999929e-04,-8.000000000000000167e-03,1.400000000000000029e-02,1.756998201993282410e-02
2.999999999999999737e-04,-5.999999999999999474e-04,-8.000000000000000167e-03,1.600000000000000033e-02,1.892373626135005968e-02
2.999999999999999737e-04,-5.999999999999999474e-04,-6.000000000000000125e-03,6.000000000000000125e-03,8.140797666218156994e-03
2.999999999999999737e-04,-1.000000000000000048e-04,-8.999999999999999320e-03,1.799999999999999864e-02,1.801473274389110008e-02
2.999999999999999737e-04,-1.000000000000000048e-04,-7.000000000000000146e-03,1.499999999999999944e-02,1.716038521400267691e-02
4.000000000000000192e-04,-3.599999999999999901e-03,-5.000000000000000104e-03,1.299999999999999940e-02,6.161713569641821646e-03
4.000000000000000192e-04,-1.199999999999999895e-03,-1.000000000000000021e-02,1.899999999999999953e-02,1.942470087355588695e-02
4.000000000000000192e-04,-1.100000000000000066e-03,-1.000000000000000021e-02,1.400000000000000029e-02,1.712134690383521757e-02
4.000000000000000192e-04,-1.000000000000000021e-03,-8.000000000000000167e-03,1.899999999999999953e-02,1.985592447498411850e-02
4.000000000000000192e-04,-8.999999999999999754e-04,-1.000000000000000021e-02,1.499999999999999944e-02,1.842767214119775052e-02
4.000000000000000192e-04,-8.999999999999999754e-04,-7.000000000000000146e-03,1.799999999999999864e-02,1.940880744274243661e-02
4.000000000000000192e-04,-8.000000000000000383e-04,-1.000000000000000021e-02,1.799999999999999864e-02,1.957120987564878525e-02
4.000000000000000192e-04,-8.000000000000000383e-04,-6.000000000000000125e-03,1.799999999999999864e-02,1.890933392447478531e-02
4.000000000000000192e-04,-8.000000000000000383e-04,-6.000000000000000125e-03,1.899999999999999953e-02,1.922781568050832557e-02
4.000000000000000192e-04,-5.999999999999999474e-04,-1.000000000000000021e-02,1.700000000000000122e-02,1.914958563219916129e-02
4.000000000000000192e-04,-5.000000000000000104e-04,-8.999999999999999320e-03,4.000000000000000083e-03,5.501951817247913157e-03
4.000000000000000192e-04,-2.000000000000000096e-04,-5.000000000000000104e-03,1.899999999999999953e-02,1.824396333719773000e-02
4.000000000000000192e-04,-1.000000000000000048e-04,-1.000000000000000021e-02,1.899999999999999953e-02,1.863169808159781393e-02
4.000000000000000192e-04,-1.000000000000000048e-04,-8.999999999999999320e-03,1.600000000000000033e-02,1.785165305599365274e-02
4.000000000000000192e-04,-1.000000000000000048e-04,-8.999999999999999320e-03,1.899999999999999953e-02,1.863169808159781393e-02
4.000000000000000192e-04,-1.000000000000000048e-04,-8.000000000000000167e-03,1.899999999999999953e-02,1.863169808159781393e-02
4.000000000000000192e-04,-1.000000000000000048e-04,-4.000000000000000083e-03,1.799999999999999864e-02,1.706166424757282057e-02
5.000000000000000104e-04,-2.799999999999999972e-03,-8.999999999999999320e-03,7.000000000000000146e-03,6.739744854425737397e-03
5.000000000000000104e-04,-2.000000000000000042e-03,-4.000000000000000083e-03,4.000000000000000083e-03,3.987432249629560901e-03
5.000000000000000104e-04,-1.399999999999999986e-03,-6.000000000000000125e-03,1.899999999999999953e-02,1.801908508996061947e-02
5.000000000000000104e-04,-1.000000000000000021e-03,-1.000000000000000021e-02,1.899999999999999953e-02,1.978272117100565372e-02
5.000000000000000104e-04,-1.000000000000000021e-03,-6.000000000000000125e-03,1.700000000000000122e-02,1.822826303337597362e-02
5.000000000000000104e-04,-8.999999999999999754e-04,-8.999999999999999320e-03,1.600000000000000033e-02,1.885932234693524917e-02
5.000000000000000104e-04,-8.000000000000000383e-04,-8.000000000000000167e-03,1.899999999999999953e-02,1.986537726322706171e-02
5.000000000000000104e-04,-6.999999999999999929e-04,-7.000000000000000146e-03,1.700000000000000122e-02,1.931589654603911924e-02
5.000000000000000104e-04,-6.999999999999999929e-04,-7.000000000000000146e-03,1.899999999999999953e-02,1.991041786429778235e-02
5.000000000000000104e-04,-5.999999999999999474e-04,-8.999999999999999320e-03,1.899999999999999953e-02,1.983709779701570142e-02
5.000000000000000104e-04,-5.999999999999999474e-04,-7.000000000000000146e-03,1.700000000000000122e-02,1.921021051923513245e-02
5.000000000000000104e-04,-4.000000000000000192e-04,-8.000000000000000167e-03,1.799999999999999864e-02,1.942303188437172895e-02
5.000000000000000104e-04,-1.000000000000000048e-04,-8.000000000000000167e-03,1.600000000000000033e-02,1.836971800391377224e-02
5.000000000000000104e-04,-1.000000000000000048e-04,-8.000000000000000167e-03,1.899999999999999953e-02,1.913102931544042457e-02
5.000000000000000104e-04,-1.000000000000000048e-04,-4.000000000000000083e-03,1.299999999999999940e-02,1.524890395135395336e-02
5.999999999999999474e-04,-4.599999999999999922e-03,-4.000000000000000083e-03,3.000000000000000062e-03,2.826164934300881386e-03
5.999999999999999474e-04,-3.399999999999999811e-03,-7.000000000000000146e-03,1.700000000000000122e-02,9.201201565285083497e-03
5.999999999999999474e-04,-1.699999999999999905e-03,-5.000000000000000104e-03,1.099999999999999936e-02,1.197004146001853439e-02
5.999999999999999474e-04,-1.600000000000000077e-03,-4.000000000000000083e-03,1.499999999999999944e-02,1.494361959513526572e-02
5.999999999999999474e-04,-1.199999999999999895e-03,-1.000000000000000021e-02,1.499999999999999944e-02,1.753445327519334226e-02
5.999999999999999474e-04,-1.100000000000000066e-03,-8.000000000000000167e-03,1.799999999999999864e-02,1.904125023302363079e-02
5.999999999999999474e-04,-1.000000000000000021e-03,-5.000000000000000104e-03,1.899999999999999953e-02,1.918245897782656917e-02
5.999999999999999474e-04,-8.999999999999999754e-04,-8.999999999999999320e-03,1.700000000000000122e-02,1.885474503666061119e-02
5.999999999999999474e-04,-8.999999999999999754e-04,-7.000000000000000146e-03,1.899999999999999953e-02,1.994409157641195349e-02
5.999999999999999474e-04,-8.999999999999999754e-04,-5.000000000000000104e-03,1.700000000000000122e-02,1.817528788621768782e-02
5.999999999999999474e-04,-8.000000000000000383e-04,-8.999999999999999320e-03,1.099999999999999936e-02,1.466605904263000928e-02
5.999999999999999474e-04,-8.000000000000000383e-04,-8.999999999999999320e-03,1.799999999999999864e-02,1.960112349813664112e-02
5.999999999999999474e-04,-8.000000000000000383e-04,-8.000000000000000167e-03,1.799999999999999864e-02,1.960112349813664112e-02
5.999999999999999474e-04,-8.000000000000000383e-04,-8.000000000000000167e-03,1.899999999999999953e-02,2.003557763758886251e-02
5.999999999999999474e-04,-8.000000000000000383e-04,-5.000000000000000104e-03,1.400000000000000029e-02,1.695979899391689832e-02
5.999999999999999474e-04,-6.999999999999999929e-04,-1.000000000000000021e-02,1.899999999999999953e-02,2.008299124144525410e-02
5.999999999999999474e-04,-6.999999999999999929e-04,-8.999999999999999320e-03,1.899999999999999953e-02,2.008299124144525410e-02
5.999999999999999474e-04,-5.999999999999999474e-04,-8.000000000000000167e-03,1.899999999999999953e-02,1.998487435404763118e-02
5.999999999999999474e-04,-5.999999999999999474e-04,-7.000000000000000146e-03,1.899999999999999953e-02,1.998487435404763118e-02
5.999999999999999474e-04,-5.000000000000000104e-04,-6.000000000000000125e-03,1.600000000000000033e-02,1.842443443040057624e-02
5.999999999999999474e-04,-1.000000000000000048e-04,-6.000000000000000125e-03,1.600000000000000033e-02,1.767113940498138414e-02
5.999999999999999474e-04,-1.000000000000000048e-04,-5.000000000000000104e-03,1.700000000000000122e-02,1.774533746958705666e-02
6.999999999999999929e-04,-4.499999999999999660e-03,-1.000000000000000021e-02,6.000000000000000125e-03,4.067805071350990946e-03
6.999999999999999929e-04,-1.899999999999999996e-03,-8.000000000000000167e-03,7.000000000000000146e-03,7.828381274343806928e-03
6.999999999999999929e-04,-1.500000000000000031e-03,-4.000000000000000083e-03,7.000000000000000146e-03,7.591238138837820733e-03
6.999999999999999929e-04,-1.199999999999999895e-03,-4.000000000000000083e-03,1.899999999999999953e-02,1.829346209413604957e-02
6.999999999999999929e-04,-1.100000000000000066e-03,-7.000000000000000146e-03,1.499999999999999944e-02,1.774474148039480170e-02
6.999999999999999929e-04,-1.000000000000000021e-03,-8.000000000000000167e-03,1.899999999999999953e-02,1.988717896218046566e-02
6.999999999999999929e-04,-1.000000000000000021e-03,-7.000000000000000146e-03,1.600000000000000033e-02,1.834771330771172576e-02
6.999999999999999929e-04,-8.999999999999999754e-04,-8.999999999999999320e-03,1.899999999999999953e-02,1.986415991038435053e-02
6.999999999999999929e-04,-8.999999999999999754e-04,-8.000000000000000167e-03,1.700000000000000122e-02,1.871684713930102037e-02
6.999999999999999929e-04,-8.999999999999999754e-04,-7.000000000000000146e-03,1.899999999999999953e-02,1.986415991038435053e-02
6.999999999999999929e-04,-8.999999999999999754e-04,-6.000000000000000125e-03,1.499999999999999944e-02,1.746055100181791511e-02
6.999999999999999929e-04,-8.999999999999999754e-04,-6.000000000000000125e-03,1.799999999999999864e-02,1.861966482344445950e-02
6.999999999999999929e-04,-8.999999999999999754e-04,-5.000000000000000104e-03,1.899999999999999953e-02,1.911067435236860762e-02
6.999999999999999929e-04,-8.000000000000000383e-04,-1.000000000000000021e-02,1.600000000000000033e-02,1.896249633013854380e-02
6.999999999999999929e-04,-8.000000000000000383e-04,-8.000000000000000167e-03,1.899999999999999953e-02,2.012963069580740033e-02
6.999999999999999929e-04,-8.000000000000000383e-04,-6.000000000000000125e-03,1.899999999999999953e-02,1.943940090322066050e-02
6.999999999999999929e-04,-6.999999999999999929e-04,-1.000000000000000021e-02,1.700000000000000122e-02,1.907258990276745197e-02
6.999999999999999929e-04,-6.999999999999999929e-04,-1.000000000000000021e-02,1.799999999999999864e-02,1.963874038603902888e-02
6.999999999999999929e-04,-6.999999999999999929e-04,-1.000000000000000021e-02,1.899999999999999953e-02,2.015916125161868605e-02
6.999999999999999929e-04,-6.999999999999999929e-04,-8.000000000000000167e-03,1.899999999999999953e-02,2.015916125161868605e-02
6.999999999999999929e-04,-6.999999999999999929e-04,-7.000000000000000146e-03,1.600000000000000033e-02,1.893544039719626676e-02
6.999999999999999929e-04,-6.999999999999999929e-04,-7.000000000000000146e-03,1.899999999999999953e-02,2.015916125161868605e-02
6.999999999999999929e-04,-6.999999999999999929e-04,-5.000000000000000104e-03,1.600000000000000033e-02,1.824310433180268212e-02
6.999999999999999929e-04,-5.999999999999999474e-04,-1.000000000000000021e-02,1.899999999999999953e-02,2.012504110439058275e-02
6.999999999999999929e-04,-5.999999999999999474e-04,-7.000000000000000146e-03,1.799999999999999864e-02,1.957223692352251521e-02
6.999999999999999929e-04,-5.999999999999999474e-04,-5.000000000000000104e-03,1.499999999999999944e-02,1.770413752030351034e-02
6.999999999999999929e-04,-5.999999999999999474e-04,-4.000000000000000083e-03,1.499999999999999944e-02,1.759435291306995705e-02
6.999999999999999929e-04,-5.000000000000000104e-04,-8.000000000000000167e-03,1.700000000000000122e-02,1.925908600816435279e-02
6.999999999999999929e-04,-4.000000000000000192e-04,-8.999999999999999320e-03,1.799999999999999864e-02,1.979294396944300885e-02
6.999999999999999929e-04,-4.000000000000000192e-04,-8.000000000000000167e-03,1.899999999999999953e-02,2.034635240084302354e-02
6.999999999999999929e-04,-2.999999999999999737e-04,-8.000000000000000167e-03,1.499999999999999944e-02,1.842268613807522548e-02
6.999999999999999929e-04,-1.000000000000000048e-04,-1.000000000000000021e-02,1.499999999999999944e-02,1.805808467873886575e-02
6.999999999999999929e-04,-1.000000000000000048e-04,-8.999999999999999320e-03,1.799999999999999864e-02,1.896741553678823328e-02
6.999999999999999929e-04,-1.000000000000000048e-04,-8.000000000000000167e-03,1.499999999999999944e-02,1.805808467873886575e-02
6.999999999999999929e-04,-1.000000000000000048e-04,-7.000000000000000146e-03,1.899999999999999953e-02,1.947270197352580362e-02
6.999999999999999929e-04,-1.000000000000000048e-04,-6.000000000000000125e-03,1.499999999999999944e-02,1.745261862827945237e-02
6.999999999999999929e-04,-1.000000000000000048e-04,-6.000000000000000125e-03,1.700000000000000122e-02,1.793748794767595703e-02
6.999999999999999929e-04,-1.000000000000000048e-04,-4.000000000000000083e-03,1.899999999999999953e-02,1.865640185154942426e-02
8.000000000000000383e-04,-3.700000000000000164e-03,-8.000000000000000167e-03,1.899999999999999953e-02,9.263544066551377548e-03
8.000000000000000383e-04,-3.399999999999999811e-03,-8.999999999999999320e-03,6.000000000000000125e-03,5.380312199894618161e-03
8.000000000000000383e-04,-2.200000000000000133e-03,-4.000000000000000083e-03,1.299999999999999940e-02,1.100839622711839542e-02
8.000000000000000383e-04,-1.600000000000000077e-03,-6.000000000000000125e-03,1.899999999999999953e-02,1.693993929986798916e-02
8.000000000000000383e-04,-1.199999999999999895e-03,-8.000000000000000167e-03,1.400000000000000029e-02,1.628597522336814457e-02
8.000000000000000383e-04,-1.100000000000000066e-03,-1.000000000000000021e-02,1.700000000000000122e-02,1.828783454636600039e-02
8.000000000000000383e-04,-1.000000000000000021e-03,-7.000000000000000146e-03,8.000000000000000167e-03,1.074945552720034392e-02
8.000000000000000383e-04,-8.999999999999999754e-04,-8.000000000000000167e-03,1.600000000000000033e-02,1.857124795337542628e-02
8.000000000000000383e-04,-8.999999999999999754e-04,-5.000000000000000104e-03,1.600000000000000033e-02,1.787116210143034969e-02
8.000000000000000383e-04,-8.999999999999999754e-04,-4.000000000000000083e-03,1.700000000000000122e-02,1.774215856863958773e-02
8.000000000000000383e-04,-8.000000000000000383e-04,-1.000000000000000021e-02,1.899999999999999953e-02,2.017292978466939113e-02
8.000000000000000383e-04,-8.000000000000000383e-04,-8.999999999999999320e-03,1.600000000000000033e-02,1.896537092926700238e-02
8.000000000000000383e-04,-6.999999999999999929e-04,-1.000000000000000021e-02,1.600000000000000033e-02,1.900013956050091227e-02
8.000000000000000383e-04,-6.999999999999999929e-04,-1.000000000000000021e-02,1.899999999999999953e-02,2.021198276112572481e-02
8.000000000000000383e-04,-6.999999999999999929e-04,-8.000000000000000167e-03,1.899999999999999953e-02,2.021198276112572481e-02
8.000000000000000383e-04,-6.999999999999999929e-04,-6.000000000000000125e-03,1.799999999999999864e-02,1.901548136718556742e-02
8.000000000000000383e-04,-5.999999999999999474e-04,-1.000000000000000021e-02,1.899999999999999953e-02,2.017210648156372854e-02
8.000000000000000383e-04,-5.999999999999999474e-04,-8.999999999999999320e-03,1.499999999999999944e-02,1.819009324675368439e-02
8.000000000000000383e-04,-5.999999999999999474e-04,-8.999999999999999320e-03,1.700000000000000122e-02,1.916502679225037462e-02
8.000000000000000383e-04,-5.999999999999999474e-04,-8.999999999999999320e-03,1.899999999999999953e-02,2.017210648156372854e-02
8.000000000000000383e-04,-5.999999999999999474e-04,-8.000000000000000167e-03,1.899999999999999953e-02,2.017210648156372854e-02
8.000000000000000383e-04,-5.999999999999999474e-04,-4.000000000000000083e-03,1.700000000000000122e-02,1.835436352990326217e-02
8.000000000000000383e-04,-5.999999999999999474e-04,-4.000000000000000083e-03,1.899999999999999953e-02,1.930058153883984495e-02
8.000000000000000383e-04,-5.000000000000000104e-04,-8.999999999999999320e-03,5.000000000000000104e-03,6.614068743279077900e-03
8.000000000000000383e-04,-5.000000000000000104e-04,-8.999999999999999320e-03,1.799999999999999864e-02,1.968253419785545924e-02
8.000000000000000383e-04,-5.000000000000000104e-04,-8.999999999999999320e-03,1.899999999999999953e-02,2.026365547426014352e-02
8.000000000000000383e-04,-5.000000000000000104e-04,-8.000000000000000167e-03,1.700000000000000122e-02,1.927619939929527473e-02
8.000000000000000383e-04,-5.000000000000000104e-04,-8.000000000000000167e-03,1.899999999999999953e-02,2.026365547426014352e-02
8.000000000000000383e-04,-5.000000000000000104e-04,-7.000000000000000146e-03,1.799999999999999864e-02,1.968253419785545924e-02
8.000000000000000383e-04,-5.000000000000000104e-04,-7.000000000000000146e-03,1.899999999999999953e-02,2.026365547426014352e-02
8.000000000000000383e-04,-4.000000000000000192e-04,-1.000000000000000021e-02,1.400000000000000029e-02,1.792350863553840781e-02
8.000000000000000383e-04,-4.000000000000000192e-04,-8.000000000000000167e-03,1.899999999999999953e-02,2.038994546854020623e-02
8.000000000000000383e-04,-2.999999999999999737e-04,-8.000000000000000167e-03,1.700000000000000122e-02,1.883456364542295675e-02
8.000000000000000383e-04,-2.999999999999999737e-04,-5.000000000000000104e-03,1.400000000000000029e-02,1.677238811825572384e-02
8.000000000000000383e-04,-1.000000000000000048e-04,-1.000000000000000021e-02,1.799999999999999864e-02,1.888473291836142293e-02
8.000000000000000383e-04,-1.000000000000000048e-04,-1.000000000000000021e-02,1.899999999999999953e-02,1.940341969251566448e-02
8.000000000000000383e-04,-1.000000000000000048e-04,-8.000000000000000167e-03,1.799999999999999864e-02,1.888473291836142293e-02
8.000000000000000383e-04,-1.000000000000000048e-04,-6.000000000000000125e-03,1.600000000000000033e-02,1.776235681866771693e-02
8.000000000000000383e-04,-1.000000000000000048e-04,-6.000000000000000125e-03,1.899999999999999953e-02,1.873554929660880067e-02
8.999999999999999754e-04,-5.000000000000000104e-03,-5.000000000000000104e-03,2.000000000000000042e-03,2.547743483193340257e-03
8.999999999999999754e-04,-4.499999999999999660e-03,-8.999999999999999320e-03,1.099999999999999936e-02,5.867368782989011711e-03
8.999999999999999754e-04,-3.099999999999999891e-03,-5.000000000000000104e-03,7.000000000000000146e-03,5.836901091270422885e-03
8.999999999999999754e-04,-3.099999999999999891e-03,-4.000000000000000083e-03,8.000000000000000167e-03,6.307227339282839122e-03
8.999999999999999754e-04,-2.700000000000000143e-03,-1.000000000000000021e-02,4.000000000000000083e-03,4.752671404171954564e-03
8.999999999999999754e-04,-1.799999999999999951e-03,-1.000000000000000021e-02,1.000000000000000021e-02,1.114056787384532475e-02
8.999999999999999754e-04,-1.299999999999999940e-03,-8.999999999999999320e-03,1.299999999999999940e-02,1.482214849827461454e-02
8.999999999999999754e-04,-8.999999999999999754e-04,-4.000000000000000083e-03,1.799999999999999864e-02,1.845433362921001380e-02
8.999999999999999754e-04,-8.000000000000000383e-04,-8.000000000000000167e-03,1.700000000000000122e-02,1.897621691598093754e-02
8.999999999999999754e-04,-5.999999999999999474e-04,-8.999999999999999320e-03,1.899999999999999953e-02,2.014887626674640927e-02
8.999999999999999754e-04,-5.999999999999999474e-04,-7.000000000000000146e-03,1.899999999999999953e-02,2.014887626674640927e-02
8.999999999999999754e-04,-5.999999999999999474e-04,-4.000000000000000083e-03,1.899999999999999953e-02,1.961438337411538016e-02
8.999999999999999754e-04,-5.000000000000000104e-04,-1.000000000000000021e-02,1.899999999999999953e-02,2.027169962515767282e-02
8.999999999999999754e-04,-5.000000000000000104e-04,-8.999999999999999320e-03,1.899999999999999953e-02,2.027169962515767282e-02
8.999999999999999754e-04,-5.000000000000000104e-04,-8.000000000000000167e-03,1.899999999999999953e-02,2.027169962515767282e-02
8.999999999999999754e-04,-5.000000000000000104e-04,-7.000000000000000146e-03,1.899999999999999953e-02,2.027169962515767282e-02
8.999999999999999754e-04,-5.000000000000000104e-04,-5.000000000000000104e-03,1.400000000000000029e-02,1.729440626753854862e-02
8.999999999999999754e-04,-4.000000000000000192e-04,-1.000000000000000021e-02,1.899999999999999953e-02,2.039372270680258822e-02
8.999999999999999754e-04,-4.000000000000000192e-04,-8.999999999999999320e-03,1.899999999999999953e-02,2.039372270680258822e-02
8.999999999999999754e-04,-4.000000000000000192e-04,-8.000000000000000167e-03,1.799999999999999864e-02,1.980250564270638267e-02
8.999999999999999754e-04,-4.000000000000000192e-04,-8.000000000000000167e-03,1.899999999999999953e-02,2.039372270680258822e-02
8.999999999999999754e-04,-2.999999999999999737e-04,-5.000000000000000104e-03,1.400000000000000029e-02,1.693956123217914625e-02
8.999999999999999754e-04,-2.999999999999999737e-04,-5.000000000000000104e-03,1.600000000000000033e-02,1.840864734809359235e-02
8.999999999999999754e-04,-1.000000000000000048e-04,-8.999999999999999320e-03,1.899999999999999953e-02,1.941652411918898952e-02
8.999999999999999754e-04,-1.000000000000000048e-04,-8.000000000000000167e-03,1.700000000000000122e-02,1.850084889187865456e-02
1.000000000000000021e-03,-4.300000000000000003e-03,-1.000000000000000021e-02,1.700000000000000122e-02,7.512096746090780527e-03
1.000000000000000021e-03,-3.899999999999999821e-03,-6.000000000000000125e-03,7.000000000000000146e-03,5.013214827628641179e-03
1.000000000000000021e-03,-2.899999999999999800e-03,-5.000000000000000104e-03,3.000000000000000062e-03,3.459305341559744222e-03
1.000000000000000021e-03,-2.799999999999999972e-03,-7.000000000000000146e-03,1.499999999999999944e-02,1.021160834120569787e-02
1.000000000000000021e-03,-1.699999999999999905e-03,-8.000000000000000167e-03,1.200000000000000025e-02,1.276285437230749442e-02
1.000000000000000021e-03,-1.399999999999999986e-03,-8.000000000000000167e-03,1.499999999999999944e-02,1.566741599057451528e-02
1.000000000000000021e-03,-1.399999999999999986e-03,-7.000000000000000146e-03,8.999999999999999320e-03,1.067395975764049224e-02
1.000000000000000021e-03,-1.399999999999999986e-03,-4.000000000000000083e-03,1.200000000000000025e-02,1.307776596652068281e-02
1.000000000000000021e-03,-1.000000000000000021e-03,-7.000000000000000146e-03,1.400000000000000029e-02,1.626929900469007567e-02
1.000000000000000021e-03,-1.000000000000000021e-03,-4.000000000000000083e-03,1.600000000000000033e-02,1.713943424943899577e-02
1.000000000000000021e-03,-8.999999999999999754e-04,-8.000000000000000167e-03,8.999999999999999320e-03,1.234613215468485445e-02
1.000000000000000021e-03,-8.000000000000000383e-04,-8.999999999999999320e-03,1.400000000000000029e-02,1.684586366845998440e-02
1.000000000000000021e-03,-8.000000000000000383e-04,-5.000000000000000104e-03,1.400000000000000029e-02,1.658630650214727026e-02
1.000000000000000021e-03,-6.999999999999999929e-04,-8.000000000000000167e-03,1.899999999999999953e-02,1.991105800968925865e-02
1.000000000000000021e-03,-6.999999999999999929e-04,-7.000000000000000146e-03,1.700000000000000122e-02,1.888032036725913881e-02
1.000000000000000021e-03,-6.999999999999999929e-04,-6.000000000000000125e-03,1.200000000000000025e-02,1.491058648038300419e-02
1.000000000000000021e-03,-5.999999999999999474e-04,-1.000000000000000021e-02,1.899999999999999953e-02,1.992148174814382597e-02
1.000000000000000021e-03,-5.999999999999999474e-04,-7.000000000000000146e-03,1.600000000000000033e-02,1.887506686704952877e-02
1.000000000000000021e-03,-5.000000000000000104e-04,-5.000000000000000104e-03,1.400000000000000029e-02,1.710098937681507267e-02
1.000000000000000021e-03,-5.000000000000000104e-04,-5.000000000000000104e-03,1.899999999999999953e-02,1.968139573963370581e-02
1.000000000000000021e-03,-4.000000000000000192e-04,-5.000000000000000104e-03,1.400000000000000029e-02,1.733421338942662399e-02
1.000000000000000021e-03,-4.000000000000000192e-04,-5.000000000000000104e-03,1.799999999999999864e-02,1.927246601993561764e-02
1.000000000000000021e-03,-2.999999999999999737e-04,-8.000000000000000167e-03,1.899999999999999953e-02,1.974609582116776743e-02
1.000000000000000021e-03,-1.000000000000000048e-04,-8.000000000000000167e-03,8.999999999999999320e-03,1.332881272220221534e-02
1.000000000000000021e-03,-1.000000000000000048e-04,-8.000000000000000167e-03,1.600000000000000033e-02,1.837830213603955376e-02
1.000000000000000021e-03,-1.000000000000000048e-04,-6.000000000000000125e-03,1.700000000000000122e-02,1.819774635484879347e-02
1.000000000000000021e-03,-1.000000000000000048e-04,-5.000000000000000104e-03,1.299999999999999940e-02,1.578615586720619191e-02
1.000000000000000021e-03,-1.000000000000000048e-04,-5.000000000000000104e-03,1.899999999999999953e-02,1.900056425085505651e-02
1.000000000000000021e-03,-1.000000000000000048e-04,-4.000000000000000083e-03,1.400000000000000029e-02,1.648141562642697205e-02
1.000000000000000021e-03,-1.000000000000000048e-04,-4.000000000000000083e-03,1.499999999999999944e-02,1.708316720369599390e-02
1.000000000000000021e-03,-1.000000000000000048e-04,-4.000000000000000083e-03,1.799999999999999864e-02,1.832647467179300202e-02
1.100000000000000066e-03,-4.300000000000000003e-03,-5.000000000000000104e-03,1.299999999999999940e-02,5.650901892523207959e-03
1.100000000000000066e-03,-3.299999999999999982e-03,-4.000000000000000083e-03,1.299999999999999940e-02,7.236353121969876963e-03
1.100000000000000066e-03,-2.899999999999999800e-03,-8.000000000000000167e-03,1.499999999999999944e-02,9.703238968018435689e-03
1.100000000000000066e-03,-2.899999999999999800e-03,-4.000000000000000083e-03,8.999999999999999320e-03,6.982085528828829539e-03
1.100000000000000066e-03,-2.399999999999999790e-03,-1.000000000000000021e-02,7.000000000000000146e-03,7.304671086159802811e-03
1.100000000000000066e-03,-2.200000000000000133e-03,-1.000000000000000021e-02,7.000000000000000146e-03,7.453144462376782783e-03
1.100000000000000066e-03,-1.399999999999999986e-03,-4.000000000000000083e-03,4.000000000000000083e-03,4.880542493824866282e-03
1.100000000000000066e-03,-1.199999999999999895e-03,-1.000000000000000021e-02,1.799999999999999864e-02,1.805009919908547728e-02
1.100000000000000066e-03,-6.999999999999999929e-04,-8.999999999999999320e-03,1.899999999999999953e-02,2.000061260076338443e-02
1.100000000000000066e-03,-5.000000000000000104e-04,-7.000000000000000146e-03,1.899999999999999953e-02,2.005294729402413989e-02
1.100000000000000066e-03,-4.000000000000000192e-04,-8.000000000000000167e-03,1.799999999999999864e-02,1.957582278640308121e-02
1.100000000000000066e-03,-2.000000000000000096e-04,-7.000000000000000146e-03,1.700000000000000122e-02,1.878771969296228958e-02
1.100000000000000066e-03,-2.000000000000000096e-04,-7.000000000000000146e-03,1.899999999999999953e-02,1.973377322359811878e-02
1.100000000000000066e-03,-1.000000000000000048e-04,-8.999999999999999320e-03,1.899999999999999953e-02,1.941409568700885185e-02
1.100000000000000066e-03,-1.000000000000000048e-04,-7.000000000000000146e-03,1.899999999999999953e-02,1.941409568700885185e-02
1.100000000000000066e-03,-1.000000000000000048e-04,-6.000000000000000125e-03,1.000000000000000021e-02,1.375034331509256656e-02
1.100000000000000066e-03,-1.000000000000000048e-04,-5.000000000000000104e-03,1.400000000000000029e-02,1.669883883145121400e-02
1.100000000000000066e-03,-1.000000000000000048e-04,-4.000000000000000083e-03,1.799999999999999864e-02,1.853851247267717522e-02
1.199999999999999895e-03,-4.799999999999999580e-03,-8.999999999999999320e-03,8.999999999999999320e-03,5.829099206415652712e-03
1.199999999999999895e-03,-3.299999999999999982e-03,-1.000000000000000021e-02,4.000000000000000083e-03,4.470171142996445628e-03
1.199999999999999895e-03,-2.799999999999999972e-03,-6.000000000000000125e-03,5.000000000000000104e-03,4.828386035487841448e-03
1.199999999999999895e-03,-1.500000000000000031e-03,-6.000000000000000125e-03,1.200000000000000025e-02,1.286919142845469564e-02
1.199999999999999895e-03,-1.199999999999999895e-03,-5.000000000000000104e-03,1.899999999999999953e-02,1.817085437648603002e-02
1.199999999999999895e-03,-1.000000000000000021e-03,-6.000000000000000125e-03,1.400000000000000029e-02,1.567896220794328527e-02
1.199999999999999895e-03,-8.999999999999999754e-04,-4.000000000000000083e-03,1.899999999999999953e-02,1.897658274225384051e-02
1.199999999999999895e-03,-8.000000000000000383e-04,-8.999999999999999320e-03,1.799999999999999864e-02,1.899134102990333861e-02
1.199999999999999895e-03,-5.999999999999999474e-04,-8.000000000000000167e-03,1.700000000000000122e-02,1.870658678512029938e-02
1.199999999999999895e-03,-1.000000000000000048e-04,-1.000000000000000021e-02,1.200000000000000025e-02,1.508978787787275747e-02
1.199999999999999895e-03,-1.000000000000000048e-04,-1.000000000000000021e-02,1.799999999999999864e-02,1.859296409970978906e-02
1.199999999999999895e-03,-1.000000000000000048e-04,-8.999999999999999320e-03,1.299999999999999940e-02,1.587242092266252097e-02
1.199999999999999895e-03,-1.000000000000000048e-04,-7.000000000000000146e-03,1.600000000000000033e-02,1.808318948322450853e-02
1.199999999999999895e-03,-1.000000000000000048e-04,-7.000000000000000146e-03,1.700000000000000122e-02,1.828554602844408017e-02
1.199999999999999895e-03,-1.000000000000000048e-04,-5.000000000000000104e-03,1.799999999999999864e-02,1.825464475879183882e-02
1.199999999999999895e-03,-1.000000000000000048e-04,-4.000000000000000083e-03,1.600000000000000033e-02,1.776635073538070791e-02
1.199999999999999895e-03,-1.000000000000000048e-04,-4.000000000000000083e-03,1.700000000000000122e-02,1.796870728060028302e-02
1.199999999999999895e-03,-1.000000000000000048e-04,-4.000000000000000083e-03,1.899999999999999953e-02,1.876418705920329666e-02
1.299999999999999940e-03,-2.099999999999999870e-03,-5.000000000000000104e-03,1.600000000000000033e-02,1.317749434623264812e-02
1.299999999999999940e-03,-2.000000000000000042e-03,-4.000000000000000083e-03,8.000000000000000167e-03,8.113285970797901731e-03
1.299999999999999940e-03,-1.399999999999999986e-03,-8.000000000000000167e-03,2.000000000000000042e-03,2.881040786167884775e-03
1.299999999999999940e-03,-8.999999999999999754e-04,-1.000000000000000021e-02,1.899999999999999953e-02,1.912567448313511401e-02
1.299999999999999940e-03,-8.000000000000000383e-04,-7.000000000000000146e-03,1.799999999999999864e-02,1.878304569653714909e-02
1.299999999999999940e-03,-6.999999999999999929e-04,-4.000000000000000083e-03,1.299999999999999940e-02,1.507499854184598045e-02
1.299999999999999940e-03,-5.999999999999999474e-04,-5.000000000000000104e-03,1.400000000000000029e-02,1.651697825397802771e-02
1.299999999999999940e-03,-5.000000000000000104e-04,-7.000000000000000146e-03,1.700000000000000122e-02,1.870866052981847577e-02
1.299999999999999940e-03,-2.000000000000000096e-04,-6.000000000000000125e-03,1.799999999999999864e-02,1.854697663681267872e-02
1.299999999999999940e-03,-1.000000000000000048e-04,-1.000000000000000021e-02,1.899999999999999953e-02,1.899994760366236629e-02
1.299999999999999940e-03,-1.000000000000000048e-04,-8.999999999999999320e-03,1.600000000000000033e-02,1.796027326719701681e-02
1.299999999999999940e-03,-1.000000000000000048e-04,-8.999999999999999320e-03,1.899999999999999953e-02,1.899994760366236629e-02
1.299999999999999940e-03,-1.000000000000000048e-04,-7.000000000000000146e-03,1.400000000000000029e-02,1.667668616994501946e-02
1.299999999999999940e-03,-1.000000000000000048e-04,-6.000000000000000125e-03,1.000000000000000021e-02,1.338099077161671382e-02
1.299999999999999940e-03,-1.000000000000000048e-04,-4.000000000000000083e-03,1.700000000000000122e-02,1.784151159991407415e-02
1.399999999999999986e-03,-4.599999999999999922e-03,-8.999999999999999320e-03,5.000000000000000104e-03,4.531721897206598786e-03
1.399999999999999986e-03,-1.500000000000000031e-03,-1.000000000000000021e-02,1.200000000000000025e-02,1.271453606186843423e-02
1.399999999999999986e-03,-5.000000000000000104e-04,-4.000000000000000083e-03,1.799999999999999864e-02,1.828797517946490619e-02
1.399999999999999986e-03,-1.000000000000000048e-04,-1.000000000000000021e-02,1.700000000000000122e-02,1.762870464955297589e-02
1.399999999999999986e-03,-1.000000000000000048e-04,-8.999999999999999320e-03,1.400000000000000029e-02,1.627600828650557080e-02
1.399999999999999986e-03,-1.000000000000000048e-04,-8.000000000000000167e-03,1.499999999999999944e-02,1.682424206212090184e-02
1.399999999999999986e-03,-1.000000000000000048e-04,-5.000000000000000104e-03,1.600000000000000033e-02,1.711378882114832772e-02
1.399999999999999986e-03,-1.000000000000000048e-04,-4.000000000000000083e-03,1.499999999999999944e-02,1.651814361081418298e-02
1.500000000000000031e-03,-5.000000000000000104e-03,-4.000000000000000083e-03,1.899999999999999953e-02,6.718235809298306674e-03
1.500000000000000031e-03,-4.499999999999999660e-03,-7.000000000000000146e-03,1.799999999999999864e-02,8.036826306260347330e-03
1.500000000000000031e-03,-3.500000000000000073e-03,-8.999999999999999320e-03,1.099999999999999936e-02,6.926976615494140517e-03
1.500000000000000031e-03,-3.500000000000000073e-03,-5.000000000000000104e-03,7.000000000000000146e-03,5.332899695915214663e-03
1.500000000000000031e-03,-3.399999999999999811e-03,-1.000000000000000021e-02,1.899999999999999953e-02,9.828715591504985638e-03
1.500000000000000031e-03,-2.899999999999999800e-03,-1.000000000000000021e-02,1.400000000000000029e-02,9.080913176022626515e-03
1.500000000000000031e-03,-2.500000000000000052e-03,-6.000000000000000125e-03,8.999999999999999320e-03,7.872725178800440288e-03
1.500000000000000031e-03,-1.899999999999999996e-03,-8.000000000000000167e-03,1.799999999999999864e-02,1.503865416120273892e-02
1.500000000000000031e-03,-1.799999999999999951e-03,-7.000000000000000146e-03,8.000000000000000167e-03,8.351706808924497238e-03
1.500000000000000031e-03,-1.500000000000000031e-03,-5.000000000000000104e-03,1.600000000000000033e-02,1.452471064707704963e-02
1.500000000000000031e-03,-1.199999999999999895e-03,-6.000000000000000125e-03,7.000000000000000146e-03,7.933756311443693893e-03
1.500000000000000031e-03,-1.100000000000000066e-03,-8.999999999999999320e-03,1.899999999999999953e-02,1.760161409160868745e-02
1.500000000000000031e-03,-5.999999999999999474e-04,-8.999999999999999320e-03,1.700000000000000122e-02,1.761041168893094991e-02
1.500000000000000031e-03,-5.999999999999999474e-04,-5.000000000000000104e-03,1.899999999999999953e-02,1.804950304280460854e-02
1.500000000000000031e-03,-5.000000000000000104e-04,-8.999999999999999320e-03,1.799999999999999864e-02,1.821521134506689024e-02
1.500000000000000031e-03,-4.000000000000000192e-04,-5.000000000000000104e-03,5.000000000000000104e-03,6.306298363703328851e-03
1.500000000000000031e-03,-2.000000000000000096e-04,-8.000000000000000167e-03,4.000000000000000083e-03,5.385805156765732793e-03
1.500000000000000031e-03,-1.000000000000000048e-04,-1.000000000000000021e-02,1.200000000000000025e-02,1.464128758410948930e-02
1.500000000000000031e-03,-1.000000000000000048e-04,-1.000000000000000021e-02,1.499999999999999944e-02,1.642058444748701121e-02
1.500000000000000031e-03,-1.000000000000000048e-04,-8.000000000000000167e-03,1.099999999999999936e-02,1.370158852179136078e-02
1.500000000000000031e-03,-1.000000000000000048e-04,-8.000000000000000167e-03,1.299999999999999940e-02,1.492291117450638381e-02
1.500000000000000031e-03,-1.000000000000000048e-04,-5.000000000000000104e-03,6.000000000000000125e-03,7.749158056909034691e-03
1.600000000000000077e-03,-4.799999999999999580e-03,-1.000000000000000021e-02,4.000000000000000083e-03,4.157986729754825812e-03
1.600000000000000077e-03,-3.299999999999999982e-03,-8.000000000000000167e-03,1.400000000000000029e-02,8.500453290921989452e-03
1.600000000000000077e-03,-2.899999999999999800e-03,-8.999999999999999320e-03,1.799999999999999864e-02,1.068839750457503332e-02
1.600000000000000077e-03,-2.000000000000000042e-03,-1.000000000000000021e-02,8.999999999999999320e-03,9.124950067404592052e-03
1.600000000000000077e-03,-8.999999999999999754e-04,-6.000000000000000125e-03,1.600000000000000033e-02,1.584011223150474240e-02
1.600000000000000077e-03,-8.000000000000000383e-04,-6.000000000000000125e-03,3.000000000000000062e-03,3.756396086817249957e-03
1.600000000000000077e-03,-5.000000000000000104e-04,-1.000000000000000021e-02,1.700000000000000122e-02,1.724640524397667157e-02
1.600000000000000077e-03,-4.000000000000000192e-04,-1.000000000000000021e-02,1.600000000000000033e-02,1.717826014071224122e-02
1.600000000000000077e-03,-2.999999999999999737e-04,-6.000000000000000125e-03,1.899999999999999953e-02,1.750543098135490944e-02
1.600000000000000077e-03,-1.000000000000000048e-04,-1.000000000000000021e-02,1.400000000000000029e-02,1.540567690121436364e-02
1.600000000000000077e-03,-1.000000000000000048e-04,-1.000000000000000021e-02,1.600000000000000033e-02,1.666675993504363254e-02
1.600000000000000077e-03,-1.000000000000000048e-04,-1.000000000000000021e-02,1.899999999999999953e-02,1.759734265136381204e-02
1.699999999999999905e-03,-2.899999999999999800e-03,-8.999999999999999320e-03,3.000000000000000062e-03,3.642755237085847173e-03
1.699999999999999905e-03,-2.500000000000000052e-03,-4.000000000000000083e-03,5.000000000000000104e-03,4.637926283634142763e-03
1.699999999999999905e-03,-8.999999999999999754e-04,-4.000000000000000083e-03,1.799999999999999864e-02,1.633148616300605926e-02
1.699999999999999905e-03,-2.999999999999999737e-04,-5.000000000000000104e-03,1.700000000000000122e-02,1.649392657370295917e-02
1.799999999999999951e-03,-5.000000000000000104e-03,-7.000000000000000146e-03,1.499999999999999944e-02,6.641265728058382174e-03
1.799999999999999951e-03,-5.000000000000000104e-03,-4.000000000000000083e-03,8.000000000000000167e-03,5.309892792558408743e-03
1.799999999999999951e-03,-2.899999999999999800e-03,-4.000000000000000083e-03,4.000000000000000083e-03,3.998125362490001500e-03
1.799999999999999951e-03,-2.200000000000000133e-03,-8.000000000000000167e-03,4.000000000000000083e-03,4.602683270034923016e-03
1.799999999999999951e-03,-2.099999999999999870e-03,-4.000000000000000083e-03,8.999999999999999320e-03,8.512891466224234427e-03
1.799999999999999951e-03,-2.000000000000000042e-03,-7.000000000000000146e-03,1.499999999999999944e-02,1.195783186544591148e-02
1.799999999999999951e-03,-1.500000000000000031e-03,-8.000000000000000167e-03,1.700000000000000122e-02,1.429275758183613451e-02
1.799999999999999951e-03,-4.000000000000000192e-04,-8.000000000000000167e-03,1.799999999999999864e-02,1.684891951022472745e-02
1.799999999999999951e-03,-1.000000000000000048e-04,-4.000000000000000083e-03,1.000000000000000021e-02,1.164096244703400826e-02
1.799999999999999951e-03,-1.000000000000000048e-04,-4.000000000000000083e-03,1.899999999999999953e-02,1.651246432754372925e-02
1.899999999999999996e-03,-4.899999999999999842e-03,-8.000000000000000167e-03,2.000000000000000042e-03,2.890139169181823835e-03
1.899999999999999996e-03,-4.599999999999999922e-03,-5.000000000000000104e-03,1.600000000000000033e-02,6.314208578144510538e-03
1.899999999999999996e-03,-1.000000000000000021e-03,-4.000000000000000083e-03,1.600000000000000033e-02,1.397422012539574834e-02
1.899999999999999996e-03,-6.999999999999999929e-04,-4.000000000000000083e-03,1.200000000000000025e-02,1.266267102910978437e-02
1.899999999999999996e-03,-1.000000000000000048e-04,-8.000000000000000167e-03,1.499999999999999944e-02,1.464307485176898939e-02
1.899999999999999996e-03,-1.000000000000000048e-04,-4.000000000000000083e-03,1.299999999999999940e-02,1.325988390963740368e-02
2.000000000000000042e-03,-5.000000000000000104e-03,-1.000000000000000021e-02,1.200000000000000025e-02,5.854015874859746886e-03
2.000000000000000042e-03,-4.499999999999999660e-03,-1.000000000000000021e-02,1.600000000000000033e-02,6.952768013608995670e-03
2.000000000000000042e-03,-3.700000000000000164e-03,-4.000000000000000083e-03,1.799999999999999864e-02,7.323687849571958522e-03
2.000000000000000042e-03,-2.799999999999999972e-03,-5.000000000000000104e-03,1.400000000000000029e-02,8.032622271815312992e-03
2.000000000000000042e-03,-2.700000000000000143e-03,-6.000000000000000125e-03,1.700000000000000122e-02,9.914849855919899077e-03
2.000000000000000042e-03,-2.399999999999999790e-03,-8.999999999999999320e-03,1.400000000000000029e-02,1.030183234819026863e-02
2.000000000000000042e-03,-1.500000000000000031e-03,-1.000000000000000021e-02,1.499999999999999944e-02,1.245468708867459619e-02
2.000000000000000042e-03,-1.100000000000000066e-03,-7.000000000000000146e-03,8.999999999999999320e-03,9.681667645125180410e-03
2.000000000000000042e-03,-5.000000000000000104e-04,-4.000000000000000083e-03,1.899999999999999953e-02,1.504691825755720934e-02
2.000000000000000042e-03,-1.000000000000000048e-04,-1.000000000000000021e-02,3.000000000000000062e-03,3.804120380281974991e-03
2.000000000000000042e-03,-1.000000000000000048e-04,-6.000000000000000125e-03,1.400000000000000029e-02,1.327616659338445859e-02
2.000000000000000042e-03,-1.000000000000000048e-04,-4.000000000000000083e-03,1.000000000000000021e-02,1.054532043200747359e-02
2.099999999999999870e-03,-4.700000000000000185e-03,-8.000000000000000167e-03,1.499999999999999944e-02,7.347774566459285353e-03
2.099999999999999870e-03,-3.399999999999999811e-03,-8.999999999999999320e-03,3.000000000000000062e-03,3.789335922468109290e-03
2.099999999999999870e-03,-3.000000000000000062e-03,-1.000000000000000021e-02,1.299999999999999940e-02,8.049127489916027556e-03
2.099999999999999870e-03,-2.200000000000000133e-03,-5.000000000000000104e-03,3.000000000000000062e-03,3.452063071981979845e-03
2.099999999999999870e-03,-1.699999999999999905e-03,-4.000000000000000083e-03,5.000000000000000104e-03,4.958742847609260047e-03
2.099999999999999870e-03,-1.100000000000000066e-03,-8.999999999999999320e-03,1.899999999999999953e-02,1.476012581564465839e-02
2.099999999999999870e-03,-5.999999999999999474e-04,-7.000000000000000146e-03,1.200000000000000025e-02,1.187114366349197037e-02
2.099999999999999870e-03,-5.999999999999999474e-04,-6.000000000000000125e-03,1.899999999999999953e-02,1.504110487035986710e-02
2.099999999999999870e-03,-1.000000000000000048e-04,-7.000000000000000146e-03,7.000000000000000146e-03,7.897466829556550744e-03
2.099999999999999870e-03,-1.000000000000000048e-04,-4.000000000000000083e-03,7.000000000000000146e-03,7.487604791066787731e-03
2.200000000000000133e-03,-5.000000000000000104e-03,-4.000000000000000083e-03,1.499999999999999944e-02,6.249859280085950930e-03
2.200000000000000133e-03,-4.799999999999999580e-03,-6.000000000000000125e-03,5.000000000000000104e-03,4.224657349794927116e-03
2.200000000000000133e-03,-4.000000000000000083e-03,-6.000000000000000125e-03,4.000000000000000083e-03,4.168399583116487103e-03
2.200000000000000133e-03,-2.799999999999999972e-03,-8.000000000000000167e-03,1.600000000000000033e-02,9.563399767949638114e-03
2.200000000000000133e-03,-2.700000000000000143e-03,-5.000000000000000104e-03,3.000000000000000062e-03,3.390610595596190054e-03
2.200000000000000133e-03,-2.500000000000000052e-03,-1.000000000000000021e-02,7.000000000000000146e-03,6.345608810610489300e-03
2.200000000000000133e-03,-2.500000000000000052e-03,-1.000000000000000021e-02,1.799999999999999864e-02,1.123337767378086369e-02
2.200000000000000133e-03,-2.399999999999999790e-03,-1.000000000000000021e-02,1.600000000000000033e-02,1.067561200539257280e-02
2.200000000000000133e-03,-2.399999999999999790e-03,-8.999999999999999320e-03,1.799999999999999864e-02,1.143564546707809618e-02
2.200000000000000133e-03,-1.899999999999999996e-03,-8.999999999999999320e-03,1.700000000000000122e-02,1.245917240409241331e-02
2.200000000000000133e-03,-1.600000000000000077e-03,-8.000000000000000167e-03,8.999999999999999320e-03,8.364103949449992054e-03
2.200000000000000133e-03,-1.000000000000000048e-04,-1.000000000000000021e-02,7.000000000000000146e-03,7.580210438368611796e-03
2.200000000000000133e-03,-1.000000000000000048e-04,-1.000000000000000021e-02,1.000000000000000021e-02,1.027552325470521000e-02
2.299999999999999961e-03,-3.799999999999999992e-03,-8.000000000000000167e-03,4.000000000000000083e-03,4.171053554209361650e-03
2.299999999999999961e-03,-3.700000000000000164e-03,-5.000000000000000104e-03,1.899999999999999953e-02,7.793311884503361861e-03
2.299999999999999961e-03,-2.899999999999999800e-03,-7.000000000000000146e-03,5.000000000000000104e-03,4.582347475775320686e-03
2.299999999999999961e-03,-2.799999999999999972e-03,-6.000000000000000125e-03,1.600000000000000033e-02,9.097216198821785407e-03
2.299999999999999961e-03,-2.000000000000000042e-03,-7.000000000000000146e-03,1.000000000000000021e-02,8.099951382502445715e-03
2.299999999999999961e-03,-1.299999999999999940e-03,-4.000000000000000083e-03,1.499999999999999944e-02,1.086653276495536981e-02
2.299999999999999961e-03,-1.199999999999999895e-03,-4.000000000000000083e-03,1.499999999999999944e-02,1.094699058555082503e-02
2.299999999999999961e-03,-8.999999999999999754e-04,-8.000000000000000167e-03,3.000000000000000062e-03,3.623303807388777824e-03
2.299999999999999961e-03,-4.000000000000000192e-04,-6.000000000000000125e-03,1.299999999999999940e-02,1.150900203460750865e-02
2.299999999999999961e-03,-1.000000000000000048e-04,-1.000000000000000021e-02,8.999999999999999320e-03,9.310983964600502011e-03
2.299999999999999961e-03,-1.000000000000000048e-04,-6.000000000000000125e-03,1.499999999999999944e-02,1.271985644163428110e-02
2.399999999999999790e-03,-5.000000000000000104e-03,-1.000000000000000021e-02,1.700000000000000122e-02,7.107250539874795763e-03
2.399999999999999790e-03,-3.099999999999999891e-03,-1.000000000000000021e-02,6.000000000000000125e-03,4.991291312421576587e-03
2.399999999999999790e-03,-2.799999999999999972e-03,-4.000000000000000083e-03,1.000000000000000021e-02,6.607059031431923232e-03
2.399999999999999790e-03,-1.799999999999999951e-03,-8.999999999999999320e-03,3.000000000000000062e-03,3.575327939664160824e-03
2.399999999999999790e-03,-5.000000000000000104e-04,-8.999999999999999320e-03,1.799999999999999864e-02,1.366566852566918587e-02
2.399999999999999790e-03,-1.000000000000000048e-04,-8.000000000000000167e-03,1.600000000000000033e-02,1.347710097921224828e-02
2.399999999999999790e-03,-1.000000000000000048e-04,-4.000000000000000083e-03,3.000000000000000062e-03,3.229907680396862293e-03
2.399999999999999790e-03,-1.000000000000000048e-04,-4.000000000000000083e-03,5.000000000000000104e-03,4.893220598704445604e-03
2.500000000000000052e-03,-4.799999999999999580e-03,-1.000000000000000021e-02,1.799999999999999864e-02,7.550939627907944825e-03
2.500000000000000052e-03,-4.599999999999999922e-03,-8.999999999999999320e-03,1.000000000000000021e-02,6.153422280127385235e-03
2.500000000000000052e-03,-4.300000000000000003e-03,-8.999999999999999320e-03,1.799999999999999864e-02,7.751133769531397266e-03
2.500000000000000052e-03,-3.299999999999999982e-03,-5.000000000000000104e-03,1.899999999999999953e-02,8.335684971918442751e-03
2.500000000000000052e-03,-2.599999999999999881e-03,-6.000000000000000125e-03,1.400000000000000029e-02,8.566783637281815550e-03
2.599999999999999881e-03,-4.400000000000000265e-03,-8.999999999999999320e-03,2.000000000000000042e-03,2.850584845566994652e-03
2.599999999999999881e-03,-3.799999999999999992e-03,-4.000000000000000083e-03,1.400000000000000029e-02,6.416006024103806764e-03
2.599999999999999881e-03,-3.099999999999999891e-03,-8.000000000000000167e-03,1.899999999999999953e-02,9.469232132568257757e-03
2.599999999999999881e-03,-1.100000000000000066e-03,-8.999999999999999320e-03,1.200000000000000025e-02,9.644031778117467119e-03
2.599999999999999881e-03,-8.000000000000000383e-04,-5.000000000000000104e-03,1.200000000000000025e-02,9.611773138697966845e-03
2.599999999999999881e-03,-1.000000000000000048e-04,-1.000000000000000021e-02,1.299999999999999940e-02,1.065024090239194941e-02
2.700000000000000143e-03,-2.200000000000000133e-03,-1.000000000000000021e-02,5.000000000000000104e-03,4.966834675230758292e-03
2.799999999999999972e-03,-4.799999999999999580e-03,-6.000000000000000125e-03,7.000000000000000146e-03,5.262854077914796980e-03
2.799999999999999972e-03,-3.599999999999999901e-03,-1.000000000000000021e-02,1.200000000000000025e-02,6.330907794201545875e-03
2.799999999999999972e-03,-1.600000000000000077e-03,-8.000000000000000167e-03,1.099999999999999936e-02,7.935583174030324399e-03
2.799999999999999972e-03,-8.000000000000000383e-04,-4.000000000000000083e-03,4.000000000000000083e-03,3.911841145291666821e-03
2.899999999999999800e-03,-4.499999999999999660e-03,-1.000000000000000021e-02,7.000000000000000146e-03,5.236356457133539526e-03
2.899999999999999800e-03,-4.300000000000000003e-03,-4.000000000000000083e-03,1.099999999999999936e-02,5.205502786726531883e-03
2.899999999999999800e-03,-2.399999999999999790e-03,-6.000000000000000125e-03,6.000000000000000125e-03,5.072451588635706540e-03
2.899999999999999800e-03,-1.399999999999999986e-03,-4.000000000000000083e-03,1.799999999999999864e-02,1.035859350011788561e-02
2.899999999999999800e-03,-1.100000000000000066e-03,-1.000000000000000021e-02,3.000000000000000062e-03,3.459502839093084228e-03
2.899999999999999800e-03,-1.100000000000000066e-03,-4.000000000000000083e-03,1.400000000000000029e-02,8.808581027665384963e-03
2.899999999999999800e-03,-5.000000000000000104e-04,-7.000000000000000146e-03,1.099999999999999936e-02,8.819299714340953639e-03
3.000000000000000062e-03,-5.000000000000000104e-03,-7.000000000000000146e-03,1.899999999999999953e-02,7.361564078727204571e-03
3.000000000000000062e-03,-3.799999999999999992e-03,-8.000000000000000167e-03,8.999999999999999320e-03,5.899477107079253643e-03
3.000000000000000062e-03,-8.000000000000000383e-04,-1.000000000000000021e-02,8.999999999999999320e-03,6.682843901168997007e-03
3.099999999999999891e-03,-3.700000000000000164e-03,-8.000000000000000167e-03,8.000000000000000167e-03,5.556538117759477272e-03
3.099999999999999891e-03,-3.000000000000000062e-03,-1.000000000000000021e-02,2.000000000000000042e-03,2.446476359794727377e-03
3.099999999999999891e-03,-2.599999999999999881e-03,-7.000000000000000146e-03,1.700000000000000122e-02,8.583649252511054220e-03
3.099999999999999891e-03,-5.999999999999999474e-04,-4.000000000000000083e-03,2.000000000000000042e-03,2.109027866357970904e-03
3.099999999999999891e-03,-5.999999999999999474e-04,-4.000000000000000083e-03,1.600000000000000033e-02,9.037147130386346400e-03
3.200000000000000153e-03,-4.799999999999999580e-03,-4.000000000000000083e-03,2.000000000000000042e-03,2.059627461529336956e-03
3.200000000000000153e-03,-4.700000000000000185e-03,-5.000000000000000104e-03,5.000000000000000104e-03,3.724099402267620935e-03
3.200000000000000153e-03,-4.499999999999999660e-03,-5.000000000000000104e-03,1.299999999999999940e-02,5.569206961131662262e-03
3.200000000000000153e-03,-1.600000000000000077e-03,-8.999999999999999320e-03,6.000000000000000125e-03,4.746073465654148879e-03
3.200000000000000153e-03,-1.399999999999999986e-03,-5.000000000000000104e-03,1.299999999999999940e-02,7.545448830623148126e-03
3.299999999999999982e-03,-4.799999999999999580e-03,-8.999999999999999320e-03,8.000000000000000167e-03,5.325038314512678742e-03
3.299999999999999982e-03,-4.700000000000000185e-03,-4.000000000000000083e-03,1.899999999999999953e-02,5.912292909525133575e-03
3.299999999999999982e-03,-3.899999999999999821e-03,-6.000000000000000125e-03,3.000000000000000062e-03,2.895083832487048599e-03
3.299999999999999982e-03,-3.700000000000000164e-03,-8.000000000000000167e-03,1.899999999999999953e-02,7.204790714503137190e-03
3.299999999999999982e-03,-3.200000000000000153e-03,-8.999999999999999320e-03,1.200000000000000025e-02,6.256374821262107241e-03
3.299999999999999982e-03,-1.699999999999999905e-03,-5.000000000000000104e-03,7.000000000000000146e-03,4.910821631651405769e-03
3.399999999999999811e-03,-4.700000000000000185e-03,-1.000000000000000021e-02,1.099999999999999936e-02,4.996180853701149942e-03
3.399999999999999811e-03,-4.300000000000000003e-03,-5.000000000000000104e-03,1.600000000000000033e-02,5.906383629075048422e-03
3.399999999999999811e-03,-3.799999999999999992e-03,-5.000000000000000104e-03,7.000000000000000146e-03,4.418829169075150567e-03
3.399999999999999811e-03,-2.099999999999999870e-03,-7.000000000000000146e-03,2.000000000000000042e-03,2.186434792164596193e-03
3.399999999999999811e-03,-1.399999999999999986e-03,-4.000000000000000083e-03,1.099999999999999936e-02,6.101017465314171120e-03
3.399999999999999811e-03,-8.000000000000000383e-04,-5.000000000000000104e-03,1.200000000000000025e-02,6.773370994857218219e-03
3.399999999999999811e-03,-1.000000000000000048e-04,-5.000000000000000104e-03,1.799999999999999864e-02,8.859694938648972340e-03
3.500000000000000073e-03,-4.499999999999999660e-03,-5.000000000000000104e-03,8.000000000000000167e-03,4.259945553523110384e-03
3.500000000000000073e-03,-4.400000000000000265e-03,-7.000000000000000146e-03,1.200000000000000025e-02,5.325308725360165980e-03
3.500000000000000073e-03,-3.200000000000000153e-03,-6.000000000000000125e-03,1.499999999999999944e-02,6.433056986718771290e-03
3.500000000000000073e-03,-2.399999999999999790e-03,-8.999999999999999320e-03,1.200000000000000025e-02,6.217267340328289267e-03
3.500000000000000073e-03,-2.200000000000000133e-03,-6.000000000000000125e-03,1.499999999999999944e-02,6.897909381274640143e-03
3.599999999999999901e-03,-4.599999999999999922e-03,-8.999999999999999320e-03,1.799999999999999864e-02,6.308676209804520152e-03
3.599999999999999901e-03,-4.100000000000000346e-03,-6.000000000000000125e-03,8.000000000000000167e-03,4.180460863230627162e-03
3.599999999999999901e-03,-3.700000000000000164e-03,-8.999999999999999320e-03,2.000000000000000042e-03,1.918273103608328367e-03
3.599999999999999901e-03,-3.299999999999999982e-03,-7.000000000000000146e-03,1.400000000000000029e-02,6.092287097833698657e-03
3.599999999999999901e-03,-2.299999999999999961e-03,-4.000000000000000083e-03,1.499999999999999944e-02,6.325505013196883186e-03
3.599999999999999901e-03,-2.200000000000000133e-03,-5.000000000000000104e-03,8.999999999999999320e-03,4.495979064068776967e-03
3.700000000000000164e-03,-4.400000000000000265e-03,-5.000000000000000104e-03,8.000000000000000167e-03,4.162520014153370598e-03
3.799999999999999992e-03,-2.899999999999999800e-03,-7.000000000000000146e-03,5.000000000000000104e-03,2.955605886365432478e-03
3.799999999999999992e-03,-1.699999999999999905e-03,-7.000000000000000146e-03,1.000000000000000021e-02,4.927968591018061333e-03
3.799999999999999992e-03,-6.999999999999999929e-04,-4.000000000000000083e-03,2.000000000000000042e-03,1.675366602101938151e-03
3.799999999999999992e-03,-4.000000000000000192e-04,-1.000000000000000021e-02,4.000000000000000083e-03,2.669235812196221573e-03
3.899999999999999821e-03,-4.000000000000000083e-03,-8.000000000000000167e-03,1.799999999999999864e-02,6.050063272226485767e-03
3.899999999999999821e-03,-2.299999999999999961e-03,-8.000000000000000167e-03,1.799999999999999864e-02,6.777343306964911732e-03
3.899999999999999821e-03,-6.999999999999999929e-04,-8.000000000000000167e-03,5.000000000000000104e-03,3.044612473505151247e-03
4.000000000000000083e-03,-3.700000000000000164e-03,-8.999999999999999320e-03,1.099999999999999936e-02,4.423870268816995459e-03
4.000000000000000083e-03,-3.700000000000000164e-03,-7.000000000000000146e-03,1.000000000000000021e-02,4.351648564833954409e-03
4.000000000000000083e-03,-2.299999999999999961e-03,-1.000000000000000021e-02,1.099999999999999936e-02,4.602018193357685152e-03
4.000000000000000083e-03,-2.299999999999999961e-03,-7.000000000000000146e-03,1.899999999999999953e-02,6.456483550703445359e-03
4.000000000000000083e-03,-2.099999999999999870e-03,-8.999999999999999320e-03,1.299999999999999940e-02,5.057595725262137472e-03
4.000000000000000083e-03,-1.500000000000000031e-03,-8.999999999999999320e-03,1.899999999999999953e-02,6.627057365664454011e-03
4.000000000000000083e-03,-1.000000000000000021e-03,-8.000000000000000167e-03,1.700000000000000122e-02,6.552049362881381955e-03
4.000000000000000083e-03,-5.000000000000000104e-04,-6.000000000000000125e-03,1.099999999999999936e-02,4.881481256617120797e-03
4.100000000000000346e-03,-1.399999999999999986e-03,-4.000000000000000083e-03,1.200000000000000025e-02,4.936033369207959605e-03
4.100000000000000346e-03,-5.999999999999999474e-04,-5.000000000000000104e-03,1.899999999999999953e-02,6.513188084903207345e-03
4.199999999999999740e-03,-4.499999999999999660e-03,-6.000000000000000125e-03,8.000000000000000167e-03,3.351153282662500121e-03
4.199999999999999740e-03,-4.499999999999999660e-03,-4.000000000000000083e-03,1.200000000000000025e-02,4.197238140500432306e-03
4.199999999999999740e-03,-4.100000000000000346e-03,-7.000000000000000146e-03,1.000000000000000021e-02,3.974138548609599045e-03
4.199999999999999740e-03,-3.500000000000000073e-03,-8.000000000000000167e-03,1.200000000000000025e-02,4.266387727510295887e-03
4.300000000000000003e-03,-4.199999999999999740e-03,-5.000000000000000104e-03,1.400000000000000029e-02,4.436924444970483279e-03
4.300000000000000003e-03,-3.500000000000000073e-03,-5.000000000000000104e-03,1.799999999999999864e-02,5.547427064294088890e-03
4.300000000000000003e-03,-2.599999999999999881e-03,-1.000000000000000021e-02,1.200000000000000025e-02,4.555427998728716829e-03
4.300000000000000003e-03,-1.500000000000000031e-03,-8.999999999999999320e-03,5.000000000000000104e-03,2.612635495494361557e-03
4.300000000000000003e-03,-6.999999999999999929e-04,-7.000000000000000146e-03,8.000000000000000167e-03,3.480890311092219198e-03
4.400000000000000265e-03,-4.599999999999999922e-03,-5.000000000000000104e-03,1.600000000000000033e-02,4.914313825619373230e-03
4.400000000000000265e-03,-4.499999999999999660e-03,-8.999999999999999320e-03,8.000000000000000167e-03,3.280938574767811207e-03
4.400000000000000265e-03,-3.500000000000000073e-03,-8.000000000000000167e-03,6.000000000000000125e-03,2.887174346707238604e-03
4.400000000000000265e-03,-2.799999999999999972e-03,-8.000000000000000167e-03,1.400000000000000029e-02,4.764601340091013763e-03
4.400000000000000265e-03,-1.799999999999999951e-03,-8.000000000000000167e-03,5.000000000000000104e-03,2.706622805560990417e-03
4.400000000000000265e-03,-1.299999999999999940e-03,-5.000000000000000104e-03,1.200000000000000025e-02,4.586390823417910330e-03
4.499999999999999660e-03,-4.599999999999999922e-03,-1.000000000000000021e-02,1.799999999999999864e-02,4.985898620559048484e-03
4.499999999999999660e-03,-4.599999999999999922e-03,-4.000000000000000083e-03,1.000000000000000021e-02,3.637434938388468646e-03
4.499999999999999660e-03,-4.100000000000000346e-03,-1.000000000000000021e-02,1.400000000000000029e-02,4.279510962459869006e-03
4.499999999999999660e-03,-3.299999999999999982e-03,-8.000000000000000167e-03,1.899999999999999953e-02,5.477423425733564215e-03
4.499999999999999660e-03,-2.799999999999999972e-03,-5.000000000000000104e-03,1.299999999999999940e-02,4.394079175730826112e-03
4.499999999999999660e-03,-2.200000000000000133e-03,-5.000000000000000104e-03,2.000000000000000042e-03,1.353529626430574530e-03
4.499999999999999660e-03,-5.999999999999999474e-04,-8.000000000000000167e-03,8.999999999999999320e-03,3.738686335126128850e-03
4.499999999999999660e-03,-5.000000000000000104e-04,-1.000000000000000021e-02,1.299999999999999940e-02,4.592673970444180118e-03
4.499999999999999660e-03,-4.000000000000000192e-04,-6.000000000000000125e-03,1.899999999999999953e-02,5.691086635975931354e-03
4.499999999999999660e-03,-2.000000000000000096e-04,-4.000000000000000083e-03,1.899999999999999953e-02,5.676151948091928690e-03
4.499999999999999660e-03,-1.000000000000000048e-04,-4.000000000000000083e-03,4.000000000000000083e-03,2.105224379730755244e-03
4.599999999999999922e-03,-4.499999999999999660e-03,-8.000000000000000167e-03,8.000000000000000167e-03,3.223857959179946085e-03
4.599999999999999922e-03,-4.199999999999999740e-03,-7.000000000000000146e-03,1.499999999999999944e-02,4.545339763765356318e-03
4.599999999999999922e-03,-3.000000000000000062e-03,-6.000000000000000125e-03,1.299999999999999940e-02,4.164219455829301642e-03
4.599999999999999922e-03,-5.999999999999999474e-04,-4.000000000000000083e-03,1.799999999999999864e-02,5.520764337034808969e-03
4.700000000000000185e-03,-5.000000000000000104e-03,-8.999999999999999320e-03,3.000000000000000062e-03,1.757375763721338814e-03
4.700000000000000185e-03,-4.700000000000000185e-03,-5.000000000000000104e-03,1.200000000000000025e-02,3.345850447342438305e-03
4.700000000000000185e-03,-2.399999999999999790e-03,-8.999999999999999320e-03,1.400000000000000029e-02,4.178809929648535579e-03
4.700000000000000185e-03,-1.100000000000000066e-03,-1.000000000000000021e-02,1.099999999999999936e-02,3.793752531066474278e-03
4.700000000000000185e-03,-5.999999999999999474e-04,-8.999999999999999320e-03,3.000000000000000062e-03,1.757375763721338814e-03
4.799999999999999580e-03,-4.599999999999999922e-03,-4.000000000000000083e-03,8.999999999999999320e-03,2.802664998986979794e-03
4.799999999999999580e-03,-4.499999999999999660e-03,-8.999999999999999320e-03,3.000000000000000062e-03,1.700020260523957228e-03
4.799999999999999580e-03,-3.099999999999999891e-03,-6.000000000000000125e-03,1.899999999999999953e-02,4.599969695430683285e-03
4.899999999999999842e-03,-5.000000000000000104e-03,-1.000000000000000021e-02,2.000000000000000042e-03,1.185359700084850964e-03
4.899999999999999842e-03,-5.000000000000000104e-03,-1.000000000000000021e-02,6.000000000000000125e-03,2.208756921933098527e-03
4.899999999999999842e-03,-5.000000000000000104e-03,-1.000000000000000021e-02,1.000000000000000021e-02,2.717260174145356977e-03
4.899999999999999842e-03,-5.000000000000000104e-03,-1.000000000000000021e-02,1.099999999999999936e-02,2.831292519656376967e-03
4.899999999999999842e-03,-5.000000000000000104e-03,-1.000000000000000021e-02,1.499999999999999944e-02,3.606170357518596881e-03
4.899999999999999842e-03,-5.000000000000000104e-03,-1.000000000000000021e-02,1.899999999999999953e-02,3.826688770189138993e-03
4.899999999999999842e-03,-5.000000000000000104e-03,-7.000000000000000146e-03,1.299999999999999940e-02,3.312100706653872684e-03
4.899999999999999842e-03,-5.000000000000000104e-03,-7.000000000000000146e-03,1.600000000000000033e-02,3.942044644057243752e-03
4.899999999999999842e-03,-5.000000000000000104e-03,-4.000000000000000083e-03,2.000000000000000042e-03,1.185359700084850964e-03
4.899999999999999842e-03,-5.000000000000000104e-03,-4.000000000000000083e-03,6.000000000000000125e-03,2.292893261628209389e-03
4.899999999999999842e-03,-5.000000000000000104e-03,-4.000000000000000083e-03,8.000000000000000167e-03,2.756631516919336167e-03
4.899999999999999842e-03,-5.000000000000000104e-03,-4.000000000000000083e-03,1.600000000000000033e-02,3.875777466768788506e-03
4.899999999999999842e-03,-5.000000000000000104e-03,-4.000000000000000083e-03,1.899999999999999953e-02,3.894782807415718331e-03
4.899999999999999842e-03,-4.400000000000000265e-03,-8.999999999999999320e-03,8.000000000000000167e-03,2.693976795869776168e-03
4.899999999999999842e-03,-3.299999999999999982e-03,-4.000000000000000083e-03,5.000000000000000104e-03,2.059372076379403955e-03
4.899999999999999842e-03,-2.799999999999999972e-03,-7.000000000000000146e-03,3.000000000000000062e-03,1.637050809421938900e-03
4.899999999999999842e-03,-2.500000000000000052e-03,-8.000000000000000167e-03,1.600000000000000033e-02,4.099375125618023516e-03
4.899999999999999842e-03,-2.000000000000000042e-03,-4.000000000000000083e-03,1.299999999999999940e-02,3.625250126482089559e-03
4.899999999999999842e-03,-1.500000000000000031e-03,-1.000000000000000021e-02,1.899999999999999953e-02,4.599753439015927606e-03
4.899999999999999842e-03,-1.000000000000000021e-03,-1.000000000000000021e-02,7.000000000000000146e-03,2.590445392084744693e-03
4.899999999999999842e-03,-8.000000000000000383e-04,-8.999999999999999320e-03,1.099999999999999936e-02,3.518648242599983593e-03
4.899999999999999842e-03,-1.000000000000000048e-04,-1.000000000000000021e-02,2.000000000000000042e-03,1.185359700084850964e-03
4.899999999999999842e-03,-1.000000000000000048e-04,-1.000000000000000021e-02,8.000000000000000167e-03,2.839349913358776758e-03
4.899999999999999842e-03,-1.000000000000000048e-04,-1.000000000000000021e-02,1.099999999999999936e-02,3.550303099307233756e-03
4.899999999999999842e-03,-1.000000000000000048e-04,-1.000000000000000021e-02,1.299999999999999940e-02,3.841935336717011793e-03
4.899999999999999842e-03,-1.000000000000000048e-04,-1.000000000000000021e-02,1.499999999999999944e-02,4.379410398478028599e-03
4.899999999999999842e-03,-1.000000000000000048e-04,-1.000000000000000021e-02,1.700000000000000122e-02,4.501730329578440722e-03
4.899999999999999842e-03,-1.000000000000000048e-04,-1.000000000000000021e-02,1.899999999999999953e-02,4.683318382437989813e-03
4.899999999999999842e-03,-1.000000000000000048e-04,-7.000000000000000146e-03,2.000000000000000042e-03,1.185359700084850964e-03
4.899999999999999842e-03,-1.000000000000000048e-04,-7.000000000000000146e-03,5.000000000000000104e-03,2.135452809082427714e-03
4.899999999999999842e-03,-1.000000000000000048e-04,-7.000000000000000146e-03,1.400000000000000029e-02,3.990634854353788952e-03
4.899999999999999842e-03,-1.000000000000000048e-04,-4.000000000000000083e-03,2.000000000000000042e-03,1.185359700084850964e-03
4.899999999999999842e-03,-1.000000000000000048e-04,-4.000000000000000083e-03,6.000000000000000125e-03,2.368973994331233148e-03
4.899999999999999842e-03,-1.000000000000000048e-04,-4.000000000000000083e-03,7.000000000000000146e-03,2.596412508375178958e-03
4.899999999999999842e-03,-1.000000000000000048e-04,-4.000000000000000083e-03,8.999999999999999320e-03,3.281560069540259608e-03
4.899999999999999842e-03,-1.000000000000000048e-04,-4.000000000000000083e-03,1.000000000000000021e-02,3.420339547568654152e-03
4.899999999999999842e-03,-1.000000000000000048e-04,-4.000000000000000083e-03,1.499999999999999944e-02,4.379410398478028599e-03
4.899999999999999842e-03,-1.000000000000000048e-04,-4.000000000000000083e-03,1.600000000000000033e-02,4.442279580486177722e-03
4.899999999999999842e-03,-1.000000000000000048e-04,-4.000000000000000083e-03,1.899999999999999953e-02,4.683318382437989813e-03
