2.000000000000000000e+01,1.000000000000000021e-03,3.000000000000000000e+00,1.000000000000000000e+00,4.000000000000000000e+01,1.000000000000000000e+01,4.000000000000000000e+01,9.900000000000000000e+01,2.000000000000000000e+01,1.000000000000000000e+00,0.000000000000000000e+00,1.000000000000000000e+00,1.000000000000000000e+00,0.000000000000000000e+00,4.000000000000000000e+01,0.000000000000000000e+00,5.810288965214305875e-04
2.000000000000000000e+01,1.000000000000000021e-03,6.000000000000000000e+00,1.000000000000000000e+00,2.000000000000000000e+01,2.000000000000000000e+01,1.000000000000000000e+00,9.900000000000000000e+01,2.000000000000000000e+01,2.000000000000000000e+00,1.000000000000000000e+00,1.000000000000000000e+00,1.000000000000000000e+00,7.454989982560977779e-02,6.000000000000000000e+01,1.237424581882743801e-03,2.163389002233436463e-03
2.000000000000000000e+01,1.000000000000000021e-03,8.000000000000000000e+00,0.000000000000000000e+00,3.000000000000000000e+01,2.000000000000000000e+00,3.000000000000000000e+00,9.900000000000000000e+01,2.000000000000000000e+01,2.000000000000000000e+00,0.000000000000000000e+00,0.000000000000000000e+00,1.000000000000000000e+00,0.000000000000000000e+00,5.000000000000000000e+01,0.000000000000000000e+00,5.115251003164601956e-04
2.000000000000000000e+01,1.000000000000000021e-03,8.000000000000000000e+00,1.000000000000000000e+00,2.000000000000000000e+01,2.000000000000000000e+00,1.000000000000000000e+01,9.900000000000000000e+01,2.000000000000000000e+01,2.000000000000000000e+00,0.000000000000000000e+00,1.000000000000000000e+00,1.000000000000000000e+00,0.000000000000000000e+00,6.000000000000000000e+01,0.000000000000000000e+00,7.038085512801724392e-04
2.000000000000000000e+01,1.000000000000000021e-03,8.000000000000000000e+00,2.000000000000000000e+00,2.000000000000000000e+01,2.000000000000000000e+01,3.000000000000000000e+00,9.900000000000000000e+01,2.000000000000000000e+01,1.000000000000000000e+00,1.000000000000000000e+00,0.000000000000000000e+00,1.000000000000000000e+00,0.000000000000000000e+00,6.000000000000000000e+01,0.000000000000000000e+00,6.062590404691706007e-04
2.000000000000000000e+01,2.000000000000000042e-03,3.000000000000000000e+00,2.000000000000000000e+00,4.000000000000000000e+01,1.000000000000000000e+01,1.000000000000000000e+01,9.900000000000000000e+01,2.000000000000000000e+01,2.000000000000000000e+00,0.000000000000000000e+00,0.000000000000000000e+00,1.000000000000000000e+00,0.000000000000000000e+00,4.000000000000000000e+01,0.000000000000000000e+00,4.868517774853541513e-04
2.000000000000000000e+01,2.000000000000000042e-03,4.000000000000000000e+00,2.000000000000000000e+00,2.000000000000000000e+01,2.000000000000000000e+01,1.000000000000000000e+00,9.900000000000000000e+01,2.000000000000000000e+01,1.000000000000000000e+00,1.000000000000000000e+00,1.000000000000000000e+00,1.000000000000000000e+00,0.000000000000000000e+00,6.000000000000000000e+01,0.000000000000000000e+00,2.392403957376107622e-03
2.000000000000000000e+01,2.000000000000000042e-03,5.000000000000000000e+00,0.000000000000000000e+00,2.000000000000000000e+01,2.000000000000000000e+00,1.000000000000000000e+01,9.900000000000000000e+01,2.000000000000000000e+01,1.000000000000000000e+00,0.000000000000000000e+00,1.000000000000000000e+00,1.000000000000000000e+00,0.000000000000000000e+00,6.000000000000000000e+01,0.000000000000000000e+00,7.591329006680060327e-04
2.000000000000000000e+01,2.000000000000000042e-03,5.000000000000000000e+00,0.000000000000000000e+00,4.000000000000000000e+01,1.000000000000000000e+01,4.000000000000000000e+01,9.900000000000000000e+01,2.000000000000000000e+01,0.000000000000000000e+00,1.000000000000000000e+00,0.000000000000000000e+00,1.000000000000000000e+00,0.000000000000000000e+00,4.000000000000000000e+01,0.000000000000000000e+00,4.801110217795660773e-04
2.000000000000000000e+01,2.000000000000000042e-03,7.000000000000000000e+00,1.000000000000000000e+00,4.000000000000000000e+01,2.000000000000000000e+01,4.000000000000000000e+01,9.900000000000000000e+01,2.000000000000000000e+01,2.000000000000000000e+00,1.000000000000000000e+00,0.000000000000000000e+00,1.000000000000000000e+00,0.000000000000000000e+00,4.000000000000000000e+01,0.000000000000000000e+00,4.813686780298804808e-04
2.000000000000000000e+01,2.000000000000000042e-03,7.000000000000000000e+00,2.000000000000000000e+00,3.000000000000000000e+01,2.000000000000000000e+01,1.000000000000000000e+00,9.900000000000000000e+01,2.000000000000000000e+01,1.000000000000000000e+00,1.000000000000000000e+00,1.000000000000000000e+00,1.000000000000000000e+00,0.000000000000000000e+00,4.000000000000000000e+01,0.000000000000000000e+00,6.075933608381256772e-04
2.000000000000000000e+01,2.000000000000000042e-03,8.000000000000000000e+00,0.000000000000000000e+00,3.000000000000000000e+01,2.000000000000000000e+00,5.000000000000000000e+00,9.900000000000000000e+01,2.000000000000000000e+01,2.000000000000000000e+00,0.000000000000000000e+00,0.000000000000000000e+00,1.000000000000000000e+00,7.355406151431886919e-02,5.000000000000000000e+01,1.456903274210969964e-03,4.665008697691891350e-04
2.000000000000000000e+01,3.000000000000000062e-03,5.000000000000000000e+00,0.000000000000000000e+00,4.000000000000000000e+01,1.000000000000000000e+01,4.000000000000000000e+01,9.900000000000000000e+01,2.000000000000000000e+01,2.000000000000000000e+00,1.000000000000000000e+00,0.000000000000000000e+00,1.000000000000000000e+00,0.000000000000000000e+00,4.000000000000000000e+01,0.000000000000000000e+00,4.788685342330707825e-04
2.000000000000000000e+01,3.000000000000000062e-03,5.000000000000000000e+00,2.000000000000000000e+00,3.000000000000000000e+01,2.000000000000000000e+00,4.000000000000000000e+01,9.900000000000000000e+01,2.000000000000000000e+01,1.000000000000000000e+00,0.000000000000000000e+00,1.000000000000000000e+00,1.000000000000000000e+00,0.000000000000000000e+00,5.000000000000000000e+01,0.000000000000000000e+00,5.031225792127113749e-04
2.000000000000000000e+01,3.000000000000000062e-03,6.000000000000000000e+00,1.000000000000000000e+00,4.000000000000000000e+01,1.000000000000000000e+01,2.000000000000000000e+01,9.900000000000000000e+01,2.000000000000000000e+01,1.000000000000000000e+00,0.000000000000000000e+00,0.000000000000000000e+00,1.000000000000000000e+00,0.000000000000000000e+00,4.000000000000000000e+01,0.000000000000000000e+00,4.792289852185176624e-04
2.000000000000000000e+01,3.000000000000000062e-03,6.000000000000000000e+00,2.000000000000000000e+00,3.000000000000000000e+01,2.000000000000000000e+01,1.000000000000000000e+01,9.900000000000000000e+01,2.000000000000000000e+01,1.000000000000000000e+00,0.000000000000000000e+00,1.000000000000000000e+00,1.000000000000000000e+00,0.000000000000000000e+00,4.000000000000000000e+01,0.000000000000000000e+00,5.783335219228513940e-04
2.000000000000000000e+01,3.000000000000000062e-03,7.000000000000000000e+00,1.000000000000000000e+00,2.000000000000000000e+01,2.000000000000000000e+01,1.000000000000000000e+00,9.900000000000000000e+01,2.000000000000000000e+01,0.000000000000000000e+00,0.000000000000000000e+00,0.000000000000000000e+00,1.000000000000000000e+00,0.000000000000000000e+00,6.000000000000000000e+01,0.000000000000000000e+00,1.333853647436961977e-03
2.000000000000000000e+01,4.000000000000000083e-03,7.000000000000000000e+00,0.000000000000000000e+00,2.000000000000000000e+01,2.000000000000000000e+00,1.000000000000000000e+01,9.900000000000000000e+01,2.000000000000000000e+01,0.000000000000000000e+00,1.000000000000000000e+00,0.000000000000000000e+00,1.000000000000000000e+00,0.000000000000000000e+00,6.000000000000000000e+01,0.000000000000000000e+00,7.326027153440948896e-04
4.000000000000000000e+01,1.000000000000000021e-03,2.000000000000000000e+00,1.000000000000000000e+00,2.000000000000000000e+01,5.000000000000000000e+00,1.000000000000000000e+01,9.900000000000000000e+01,2.000000000000000000e+01,0.000000000000000000e+00,1.000000000000000000e+00,1.000000000000000000e+00,1.000000000000000000e+00,-1.154428759466041843e-02,6.000000000000000000e+01,-1.870620333392118359e-04,9.570021300658299425e-04
4.000000000000000000e+01,1.000000000000000021e-03,4.000000000000000000e+00,0.000000000000000000e+00,4.000000000000000000e+01,2.000000000000000000e+01,3.000000000000000000e+01,9.900000000000000000e+01,2.000000000000000000e+01,2.000000000000000000e+00,0.000000000000000000e+00,0.000000000000000000e+00,1.000000000000000000e+00,4.853073709941457814e-02,4.000000000000000000e+01,1.205711188859168257e-03,5.166195951606791575e-04
4.000000000000000000e+01,2.000000000000000042e-03,2.000000000000000000e+00,0.000000000000000000e+00,4.000000000000000000e+01,2.000000000000000000e+00,5.000000000000000000e+00,9.900000000000000000e+01,2.000000000000000000e+01,0.000000000000000000e+00,0.000000000000000000e+00,1.000000000000000000e+00,1.000000000000000000e+00,3.021103331576990847e-02,4.000000000000000000e+01,7.503991229159013166e-04,5.111539832692959303e-04
4.000000000000000000e+01,2.000000000000000042e-03,3.000000000000000000e+00,1.000000000000000000e+00,4.000000000000000000e+01,2.000000000000000000e+00,5.000000000000000000e+00,9.900000000000000000e+01,2.000000000000000000e+01,0.000000000000000000e+00,0.000000000000000000e+00,0.000000000000000000e+00,1.000000000000000000e+00,1.631765372360116650e-02,4.000000000000000000e+01,4.122311294964764667e-04,4.421715526388687412e-04
4.000000000000000000e+01,2.000000000000000042e-03,6.000000000000000000e+00,1.000000000000000000e+00,2.000000000000000000e+01,5.000000000000000000e+00,2.000000000000000000e+01,9.900000000000000000e+01,2.000000000000000000e+01,2.000000000000000000e+00,1.000000000000000000e+00,1.000000000000000000e+00,1.000000000000000000e+00,0.000000000000000000e+00,6.000000000000000000e+01,0.000000000000000000e+00,5.749073682498020066e-04
4.000000000000000000e+01,3.000000000000000062e-03,2.000000000000000000e+00,0.000000000000000000e+00,4.000000000000000000e+01,5.000000000000000000e+00,3.000000000000000000e+00,9.900000000000000000e+01,2.000000000000000000e+01,2.000000000000000000e+00,0.000000000000000000e+00,1.000000000000000000e+00,1.000000000000000000e+00,3.596931122979407647e-02,4.000000000000000000e+01,8.924928587084824056e-04,1.010730724805363996e-03
4.000000000000000000e+01,3.000000000000000062e-03,5.000000000000000000e+00,0.000000000000000000e+00,2.000000000000000000e+01,2.000000000000000000e+00,3.000000000000000000e+00,9.900000000000000000e+01,2.000000000000000000e+01,1.000000000000000000e+00,0.000000000000000000e+00,0.000000000000000000e+00,1.000000000000000000e+00,0.000000000000000000e+00,6.000000000000000000e+01,0.000000000000000000e+00,6.730593599340975496e-04
4.000000000000000000e+01,3.000000000000000062e-03,5.000000000000000000e+00,1.000000000000000000e+00,3.000000000000000000e+01,1.000000000000000000e+01,2.000000000000000000e+01,9.900000000000000000e+01,2.000000000000000000e+01,2.000000000000000000e+00,1.000000000000000000e+00,0.000000000000000000e+00,1.000000000000000000e+00,-1.935402409252384714e-03,5.000000000000000000e+01,-3.872093958962041782e-05,4.779913940845049764e-04
4.000000000000000000e+01,3.000000000000000062e-03,6.000000000000000000e+00,0.000000000000000000e+00,2.000000000000000000e+01,5.000000000000000000e+00,2.000000000000000000e+01,9.900000000000000000e+01,2.000000000000000000e+01,0.000000000000000000e+00,1.000000000000000000e+00,1.000000000000000000e+00,1.000000000000000000e+00,5.103843274754038539e-02,6.000000000000000000e+01,8.580178990386637004e-04,6.004373526938695501e-04
4.000000000000000000e+01,3.000000000000000062e-03,7.000000000000000000e+00,1.000000000000000000e+00,4.000000000000000000e+01,2.000000000000000000e+01,1.000000000000000000e+00,9.900000000000000000e+01,2.000000000000000000e+01,2.000000000000000000e+00,1.000000000000000000e+00,0.000000000000000000e+00,1.000000000000000000e+00,0.000000000000000000e+00,4.000000000000000000e+01,0.000000000000000000e+00,4.847072737966984408e-04
4.000000000000000000e+01,4.000000000000000083e-03,2.000000000000000000e+00,0.000000000000000000e+00,4.000000000000000000e+01,2.000000000000000000e+00,2.000000000000000000e+01,9.900000000000000000e+01,2.000000000000000000e+01,1.000000000000000000e+00,0.000000000000000000e+00,1.000000000000000000e+00,1.000000000000000000e+00,4.946771040528408214e-02,4.000000000000000000e+01,1.238140134819037865e-03,5.506185900802306691e-04
4.000000000000000000e+01,4.000000000000000083e-03,3.000000000000000000e+00,1.000000000000000000e+00,4.000000000000000000e+01,5.000000000000000000e+00,4.000000000000000000e+01,9.900000000000000000e+01,2.000000000000000000e+01,2.000000000000000000e+00,1.000000000000000000e+00,0.000000000000000000e+00,1.000000000000000000e+00,7.143412704550433645e-03,4.000000000000000000e+01,1.877073440818999186e-04,5.247451526197202112e-04
6.000000000000000000e+01,1.000000000000000021e-03,1.000000000000000000e+00,1.000000000000000000e+00,2.000000000000000000e+01,1.000000000000000000e+01,3.000000000000000000e+01,9.900000000000000000e+01,2.000000000000000000e+01,1.000000000000000000e+00,1.000000000000000000e+00,0.000000000000000000e+00,1.000000000000000000e+00,-7.947070516291843134e-03,6.000000000000000000e+01,-1.306584687595443051e-04,7.282059268565319521e-04
6.000000000000000000e+01,2.000000000000000042e-03,1.000000000000000000e+00,0.000000000000000000e+00,2.000000000000000000e+01,2.000000000000000000e+01,4.000000000000000000e+01,9.900000000000000000e+01,2.000000000000000000e+01,2.000000000000000000e+00,1.000000000000000000e+00,1.000000000000000000e+00,1.000000000000000000e+00,2.990060621823942277e-02,6.000000000000000000e+01,5.051948479091128647e-04,6.956475556540187575e-04
6.000000000000000000e+01,2.000000000000000042e-03,6.000000000000000000e+00,0.000000000000000000e+00,3.000000000000000000e+01,5.000000000000000000e+00,4.000000000000000000e+01,9.900000000000000000e+01,2.000000000000000000e+01,2.000000000000000000e+00,1.000000000000000000e+00,1.000000000000000000e+00,1.000000000000000000e+00,0.000000000000000000e+00,5.000000000000000000e+01,0.000000000000000000e+00,5.248323377273772386e-04
6.000000000000000000e+01,3.000000000000000062e-03,4.000000000000000000e+00,0.000000000000000000e+00,3.000000000000000000e+01,5.000000000000000000e+00,3.000000000000000000e+00,9.900000000000000000e+01,2.000000000000000000e+01,0.000000000000000000e+00,0.000000000000000000e+00,0.000000000000000000e+00,1.000000000000000000e+00,2.205775542705623593e-02,5.000000000000000000e+01,4.403898722867949475e-04,4.147532731814950759e-04
6.000000000000000000e+01,3.000000000000000062e-03,4.000000000000000000e+00,0.000000000000000000e+00,3.000000000000000000e+01,5.000000000000000000e+00,3.000000000000000000e+00,9.900000000000000000e+01,2.000000000000000000e+01,0.000000000000000000e+00,1.000000000000000000e+00,1.000000000000000000e+00,1.000000000000000000e+00,4.806040685939172441e-02,5.000000000000000000e+01,9.476065394377841894e-04,5.104300051296113390e-04
8.000000000000000000e+01,1.000000000000000021e-03,1.000000000000000000e+00,1.000000000000000000e+00,2.000000000000000000e+01,2.000000000000000000e+01,3.000000000000000000e+00,9.900000000000000000e+01,2.000000000000000000e+01,0.000000000000000000e+00,1.000000000000000000e+00,1.000000000000000000e+00,1.000000000000000000e+00,-4.977240184961595482e-03,6.000000000000000000e+01,-6.790672786126661635e-05,1.096189513169644383e-03
8.000000000000000000e+01,1.000000000000000021e-03,2.000000000000000000e+00,0.000000000000000000e+00,2.000000000000000000e+01,2.000000000000000000e+01,3.000000000000000000e+00,9.900000000000000000e+01,2.000000000000000000e+01,2.000000000000000000e+00,1.000000000000000000e+00,0.000000000000000000e+00,1.000000000000000000e+00,3.065991346131036188e-02,6.000000000000000000e+01,5.205780422048759352e-04,7.838373115299761967e-04
8.000000000000000000e+01,1.000000000000000021e-03,8.000000000000000000e+00,2.000000000000000000e+00,4.000000000000000000e+01,2.000000000000000000e+01,3.000000000000000000e+01,9.900000000000000000e+01,2.000000000000000000e+01,0.000000000000000000e+00,0.000000000000000000e+00,0.000000000000000000e+00,1.000000000000000000e+00,4.903401700385545681e-02,4.000000000000000000e+01,1.234773174575473642e-03,5.628785384588854985e-04
8.000000000000000000e+01,2.000000000000000042e-03,4.000000000000000000e+00,2.000000000000000000e+00,4.000000000000000000e+01,1.000000000000000000e+01,5.000000000000000000e+00,9.900000000000000000e+01,2.000000000000000000e+01,2.000000000000000000e+00,1.000000000000000000e+00,1.000000000000000000e+00,1.000000000000000000e+00,9.726350884619039405e-03,4.000000000000000000e+01,2.431587721154759851e-04,6.042225758932378990e-04
8.000000000000000000e+01,2.000000000000000042e-03,5.000000000000000000e+00,1.000000000000000000e+00,3.000000000000000000e+01,1.000000000000000000e+01,3.000000000000000000e+00,9.900000000000000000e+01,2.000000000000000000e+01,1.000000000000000000e+00,0.000000000000000000e+00,1.000000000000000000e+00,1.000000000000000000e+00,6.291837700827440649e-02,5.000000000000000000e+01,1.242301033898967092e-03,5.060881599185108578e-04
8.000000000000000000e+01,3.000000000000000062e-03,2.000000000000000000e+00,0.000000000000000000e+00,2.000000000000000000e+01,2.000000000000000000e+01,3.000000000000000000e+00,9.900000000000000000e+01,2.000000000000000000e+01,1.000000000000000000e+00,1.000000000000000000e+00,0.000000000000000000e+00,1.000000000000000000e+00,-2.328841881529997160e-02,6.000000000000000000e+01,-3.827178149143813384e-04,6.384194901380348553e-04
8.000000000000000000e+01,3.000000000000000062e-03,3.000000000000000000e+00,1.000000000000000000e+00,3.000000000000000000e+01,2.000000000000000000e+01,4.000000000000000000e+01,9.900000000000000000e+01,2.000000000000000000e+01,2.000000000000000000e+00,1.000000000000000000e+00,0.000000000000000000e+00,1.000000000000000000e+00,0.000000000000000000e+00,4.000000000000000000e+01,0.000000000000000000e+00,4.604267415701428570e-04
8.000000000000000000e+01,3.000000000000000062e-03,5.000000000000000000e+00,0.000000000000000000e+00,2.000000000000000000e+01,2.000000000000000000e+01,3.000000000000000000e+00,9.900000000000000000e+01,2.000000000000000000e+01,2.000000000000000000e+00,0.000000000000000000e+00,1.000000000000000000e+00,1.000000000000000000e+00,0.000000000000000000e+00,6.000000000000000000e+01,0.000000000000000000e+00,7.622222776028657245e-04
8.000000000000000000e+01,4.000000000000000083e-03,5.000000000000000000e+00,1.000000000000000000e+00,4.000000000000000000e+01,1.000000000000000000e+01,3.000000000000000000e+00,9.900000000000000000e+01,2.000000000000000000e+01,1.000000000000000000e+00,0.000000000000000000e+00,1.000000000000000000e+00,1.000000000000000000e+00,0.000000000000000000e+00,4.000000000000000000e+01,0.000000000000000000e+00,5.760578052343478866e-04
1.000000000000000000e+02,1.000000000000000021e-03,1.000000000000000000e+00,0.000000000000000000e+00,2.000000000000000000e+01,5.000000000000000000e+00,3.000000000000000000e+01,9.900000000000000000e+01,2.000000000000000000e+01,2.000000000000000000e+00,1.000000000000000000e+00,1.000000000000000000e+00,1.000000000000000000e+00,-1.545162355564666523e-02,6.000000000000000000e+01,-2.465160821944645145e-04,8.641532159470548258e-04
1.000000000000000000e+02,1.000000000000000021e-03,5.000000000000000000e+00,0.000000000000000000e+00,4.000000000000000000e+01,2.000000000000000000e+00,2.000000000000000000e+01,9.900000000000000000e+01,2.000000000000000000e+01,1.000000000000000000e+00,1.000000000000000000e+00,1.000000000000000000e+00,1.000000000000000000e+00,1.013959383406537462e-02,4.000000000000000000e+01,2.568789347670852319e-04,6.178031380852667389e-04
1.000000000000000000e+02,1.000000000000000021e-03,8.000000000000000000e+00,2.000000000000000000e+00,2.000000000000000000e+01,2.000000000000000000e+00,3.000000000000000000e+01,9.900000000000000000e+01,2.000000000000000000e+01,2.000000000000000000e+00,0.000000000000000000e+00,1.000000000000000000e+00,1.000000000000000000e+00,0.000000000000000000e+00,6.000000000000000000e+01,0.000000000000000000e+00,6.528586429772339312e-04
1.000000000000000000e+02,1.000000000000000021e-03,8.000000000000000000e+00,2.000000000000000000e+00,4.000000000000000000e+01,2.000000000000000000e+00,3.000000000000000000e+01,9.900000000000000000e+01,2.000000000000000000e+01,1.000000000000000000e+00,1.000000000000000000e+00,0.000000000000000000e+00,1.000000000000000000e+00,5.989699875855980515e-02,4.000000000000000000e+01,1.490485443646155563e-03,6.656581975311674912e-04
1.000000000000000000e+02,2.000000000000000042e-03,4.000000000000000000e+00,0.000000000000000000e+00,4.000000000000000000e+01,2.000000000000000000e+00,4.000000000000000000e+01,9.900000000000000000e+01,2.000000000000000000e+01,1.000000000000000000e+00,0.000000000000000000e+00,0.000000000000000000e+00,1.000000000000000000e+00,5.989699875855980515e-02,4.000000000000000000e+01,1.490485443646155563e-03,6.478396689560959095e-04
1.000000000000000000e+02,2.000000000000000042e-03,6.000000000000000000e+00,1.000000000000000000e+00,2.000000000000000000e+01,2.000000000000000000e+00,3.000000000000000000e+01,9.900000000000000000e+01,2.000000000000000000e+01,2.000000000000000000e+00,0.000000000000000000e+00,0.000000000000000000e+00,1.000000000000000000e+00,-9.580279735381114214e-03,6.000000000000000000e+01,-1.600520202177639238e-04,7.241687003365994456e-04
1.000000000000000000e+02,2.000000000000000042e-03,7.000000000000000000e+00,1.000000000000000000e+00,3.000000000000000000e+01,1.000000000000000000e+01,1.000000000000000000e+01,9.900000000000000000e+01,2.000000000000000000e+01,1.000000000000000000e+00,1.000000000000000000e+00,0.000000000000000000e+00,1.000000000000000000e+00,5.538226935241596927e-02,5.000000000000000000e+01,1.108790195843376578e-03,4.850927477635995854e-04
1.000000000000000000e+02,2.000000000000000042e-03,8.000000000000000000e+00,1.000000000000000000e+00,3.000000000000000000e+01,1.000000000000000000e+01,1.000000000000000000e+00,9.900000000000000000e+01,2.000000000000000000e+01,0.000000000000000000e+00,0.000000000000000000e+00,1.000000000000000000e+00,1.000000000000000000e+00,0.000000000000000000e+00,5.000000000000000000e+01,0.000000000000000000e+00,6.519337475068519294e-04
1.000000000000000000e+02,4.000000000000000083e-03,8.000000000000000000e+00,2.000000000000000000e+00,2.000000000000000000e+01,2.000000000000000000e+00,3.000000000000000000e+01,9.900000000000000000e+01,2.000000000000000000e+01,1.000000000000000000e+00,1.000000000000000000e+00,1.000000000000000000e+00,1.000000000000000000e+00,5.004088459952549250e-02,6.000000000000000000e+01,8.324830406515789641e-04,6.393405965682046272e-04
1.200000000000000000e+02,1.000000000000000021e-03,3.000000000000000000e+00,1.000000000000000000e+00,3.000000000000000000e+01,5.000000000000000000e+00,2.000000000000000000e+01,9.900000000000000000e+01,2.000000000000000000e+01,0.000000000000000000e+00,0.000000000000000000e+00,0.000000000000000000e+00,1.000000000000000000e+00,6.421502477565632638e-02,5.000000000000000000e+01,1.271612388882807990e-03,4.682395481877550236e-04
1.200000000000000000e+02,1.000000000000000021e-03,3.000000000000000000e+00,2.000000000000000000e+00,4.000000000000000000e+01,5.000000000000000000e+00,2.000000000000000000e+01,9.900000000000000000e+01,2.000000000000000000e+01,0.000000000000000000e+00,0.000000000000000000e+00,0.000000000000000000e+00,1.000000000000000000e+00,8.056029273213516362e-02,4.000000000000000000e+01,1.961230430445276649e-03,5.244283262352413639e-04
1.200000000000000000e+02,1.000000000000000021e-03,5.000000000000000000e+00,0.000000000000000000e+00,4.000000000000000000e+01,2.000000000000000000e+00,2.000000000000000000e+01,9.900000000000000000e+01,2.000000000000000000e+01,2.000000000000000000e+00,0.000000000000000000e+00,1.000000000000000000e+00,1.000000000000000000e+00,2.370851797536310812e-02,4.000000000000000000e+01,6.109791634423406004e-04,7.114725881528896666e-04
1.200000000000000000e+02,1.000000000000000021e-03,5.000000000000000000e+00,1.000000000000000000e+00,4.000000000000000000e+01,5.000000000000000000e+00,1.000000000000000000e+01,9.900000000000000000e+01,2.000000000000000000e+01,0.000000000000000000e+00,0.000000000000000000e+00,1.000000000000000000e+00,1.000000000000000000e+00,6.520625051291495389e-02,4.000000000000000000e+01,1.612843732393273721e-03,6.780775260600446124e-04
1.200000000000000000e+02,1.000000000000000021e-03,6.000000000000000000e+00,0.000000000000000000e+00,4.000000000000000000e+01,5.000000000000000000e+00,3.000000000000000000e+00,9.900000000000000000e+01,2.000000000000000000e+01,2.000000000000000000e+00,1.000000000000000000e+00,0.000000000000000000e+00,1.000000000000000000e+00,0.000000000000000000e+00,4.000000000000000000e+01,0.000000000000000000e+00,5.728816528249780146e-04
1.200000000000000000e+02,1.000000000000000021e-03,7.000000000000000000e+00,2.000000000000000000e+00,3.000000000000000000e+01,2.000000000000000000e+01,1.000000000000000000e+01,9.900000000000000000e+01,2.000000000000000000e+01,0.000000000000000000e+00,0.000000000000000000e+00,1.000000000000000000e+00,1.000000000000000000e+00,1.773465272821406202e-03,4.000000000000000000e+01,5.604989205960919652e-05,6.344906407754503106e-04
1.200000000000000000e+02,1.000000000000000021e-03,8.000000000000000000e+00,2.000000000000000000e+00,4.000000000000000000e+01,5.000000000000000000e+00,1.000000000000000000e+01,9.900000000000000000e+01,2.000000000000000000e+01,1.000000000000000000e+00,1.000000000000000000e+00,1.000000000000000000e+00,1.000000000000000000e+00,5.885544972457412705e-02,4.000000000000000000e+01,1.446579793474392448e-03,5.758491851734187216e-04
1.200000000000000000e+02,2.000000000000000042e-03,5.000000000000000000e+00,2.000000000000000000e+00,2.000000000000000000e+01,1.000000000000000000e+01,1.000000000000000000e+00,9.900000000000000000e+01,2.000000000000000000e+01,1.000000000000000000e+00,0.000000000000000000e+00,1.000000000000000000e+00,1.000000000000000000e+00,7.454989982560977779e-02,6.000000000000000000e+01,1.237424581882743801e-03,1.700709992959235787e-03
1.200000000000000000e+02,2.000000000000000042e-03,6.000000000000000000e+00,2.000000000000000000e+00,2.000000000000000000e+01,1.000000000000000000e+01,3.000000000000000000e+00,9.900000000000000000e+01,2.000000000000000000e+01,1.000000000000000000e+00,1.000000000000000000e+00,0.000000000000000000e+00,1.000000000000000000e+00,0.000000000000000000e+00,6.000000000000000000e+01,0.000000000000000000e+00,8.132079300632063905e-04
1.200000000000000000e+02,2.000000000000000042e-03,6.000000000000000000e+00,2.000000000000000000e+00,3.000000000000000000e+01,2.000000000000000000e+00,1.000000000000000000e+00,9.900000000000000000e+01,2.000000000000000000e+01,1.000000000000000000e+00,0.000000000000000000e+00,1.000000000000000000e+00,1.000000000000000000e+00,-1.225871265454769876e-02,5.000000000000000000e+01,-2.388133797967939684e-04,6.091338009805466296e-04
1.200000000000000000e+02,2.000000000000000042e-03,7.000000000000000000e+00,2.000000000000000000e+00,2.000000000000000000e+01,5.000000000000000000e+00,3.000000000000000000e+01,9.900000000000000000e+01,2.000000000000000000e+01,0.000000000000000000e+00,0.000000000000000000e+00,0.000000000000000000e+00,1.000000000000000000e+00,4.704600329090591337e-02,6.000000000000000000e+01,7.774328710922651531e-04,5.141938805069000591e-04
1.200000000000000000e+02,3.000000000000000062e-03,4.000000000000000000e+00,0.000000000000000000e+00,4.000000000000000000e+01,5.000000000000000000e+00,1.000000000000000000e+01,9.900000000000000000e+01,2.000000000000000000e+01,1.000000000000000000e+00,1.000000000000000000e+00,0.000000000000000000e+00,1.000000000000000000e+00,6.708232761456711657e-03,4.000000000000000000e+01,1.865604347553589948e-04,6.786852846963556266e-04
1.200000000000000000e+02,3.000000000000000062e-03,6.000000000000000000e+00,1.000000000000000000e+00,3.000000000000000000e+01,2.000000000000000000e+00,1.000000000000000000e+00,9.900000000000000000e+01,2.000000000000000000e+01,0.000000000000000000e+00,1.000000000000000000e+00,0.000000000000000000e+00,1.000000000000000000e+00,1.063342998561278563e-02,5.000000000000000000e+01,2.227357095450832527e-04,6.030014653395882962e-04
1.200000000000000000e+02,4.000000000000000083e-03,3.000000000000000000e+00,0.000000000000000000e+00,3.000000000000000000e+01,5.000000000000000000e+00,5.000000000000000000e+00,9.900000000000000000e+01,2.000000000000000000e+01,2.000000000000000000e+00,0.000000000000000000e+00,1.000000000000000000e+00,1.000000000000000000e+00,3.658949585814719185e-02,5.000000000000000000e+01,7.290345300211575376e-04,4.539002794398294856e-04
1.200000000000000000e+02,4.000000000000000083e-03,5.000000000000000000e+00,1.000000000000000000e+00,2.000000000000000000e+01,2.000000000000000000e+01,2.000000000000000000e+01,9.900000000000000000e+01,2.000000000000000000e+01,0.000000000000000000e+00,1.000000000000000000e+00,0.000000000000000000e+00,1.000000000000000000e+00,1.379961604011414877e-02,6.000000000000000000e+01,2.426065281942372642e-04,5.959679798257664024e-04
1.200000000000000000e+02,4.000000000000000083e-03,5.000000000000000000e+00,2.000000000000000000e+00,4.000000000000000000e+01,1.000000000000000000e+01,3.000000000000000000e+01,9.900000000000000000e+01,2.000000000000000000e+01,2.000000000000000000e+00,1.000000000000000000e+00,1.000000000000000000e+00,1.000000000000000000e+00,1.377950088503832049e-02,4.000000000000000000e+01,3.446332592322548624e-04,5.958842056994683931e-04
1.200000000000000000e+02,4.000000000000000083e-03,7.000000000000000000e+00,2.000000000000000000e+00,4.000000000000000000e+01,5.000000000000000000e+00,1.000000000000000000e+01,9.900000000000000000e+01,2.000000000000000000e+01,0.000000000000000000e+00,1.000000000000000000e+00,1.000000000000000000e+00,1.000000000000000000e+00,9.754600510404332070e-03,4.000000000000000000e+01,2.449881712921791912e-04,6.068796113282656259e-04
1.200000000000000000e+02,4.000000000000000083e-03,8.000000000000000000e+00,1.000000000000000000e+00,2.000000000000000000e+01,5.000000000000000000e+00,1.000000000000000000e+00,9.900000000000000000e+01,2.000000000000000000e+01,0.000000000000000000e+00,1.000000000000000000e+00,1.000000000000000000e+00,1.000000000000000000e+00,1.009331732420215566e-02,6.000000000000000000e+01,1.814230358160399406e-04,1.326361559772151668e-03
1.400000000000000000e+02,1.000000000000000021e-03,1.000000000000000000e+00,1.000000000000000000e+00,4.000000000000000000e+01,2.000000000000000000e+00,3.000000000000000000e+00,9.900000000000000000e+01,2.000000000000000000e+01,1.000000000000000000e+00,1.000000000000000000e+00,1.000000000000000000e+00,1.000000000000000000e+00,-6.488624159583622486e-03,4.000000000000000000e+01,-1.506458952117817438e-04,1.203865753624106623e-03
1.400000000000000000e+02,1.000000000000000021e-03,2.000000000000000000e+00,0.000000000000000000e+00,2.000000000000000000e+01,2.000000000000000000e+01,1.000000000000000000e+01,9.900000000000000000e+01,2.000000000000000000e+01,2.000000000000000000e+00,0.000000000000000000e+00,0.000000000000000000e+00,1.000000000000000000e+00,1.330199611906124346e-02,6.000000000000000000e+01,2.235530792058497028e-04,5.287258283883145048e-04
1.400000000000000000e+02,1.000000000000000021e-03,3.000000000000000000e+00,0.000000000000000000e+00,4.000000000000000000e+01,2.000000000000000000e+00,1.000000000000000000e+00,9.900000000000000000e+01,2.000000000000000000e+01,0.000000000000000000e+00,1.000000000000000000e+00,0.000000000000000000e+00,1.000000000000000000e+00,1.293980973583530591e-02,4.000000000000000000e+01,3.377957065035241957e-04,1.219602836784255137e-03
1.400000000000000000e+02,1.000000000000000021e-03,7.000000000000000000e+00,1.000000000000000000e+00,3.000000000000000000e+01,2.000000000000000000e+01,1.000000000000000000e+01,9.900000000000000000e+01,2.000000000000000000e+01,2.000000000000000000e+00,1.000000000000000000e+00,1.000000000000000000e+00,1.000000000000000000e+00,0.000000000000000000e+00,4.000000000000000000e+01,0.000000000000000000e+00,1.054188905259928173e-03
1.400000000000000000e+02,2.000000000000000042e-03,4.000000000000000000e+00,0.000000000000000000e+00,4.000000000000000000e+01,1.000000000000000000e+01,2.000000000000000000e+01,9.900000000000000000e+01,2.000000000000000000e+01,2.000000000000000000e+00,0.000000000000000000e+00,1.000000000000000000e+00,1.000000000000000000e+00,3.167005420569468654e-02,4.000000000000000000e+01,7.938030682664437565e-04,5.886059751854001709e-04
1.400000000000000000e+02,2.000000000000000042e-03,5.000000000000000000e+00,2.000000000000000000e+00,4.000000000000000000e+01,2.000000000000000000e+01,1.000000000000000000e+00,9.900000000000000000e+01,2.000000000000000000e+01,0.000000000000000000e+00,1.000000000000000000e+00,1.000000000000000000e+00,1.000000000000000000e+00,3.769888032937540601e-03,4.000000000000000000e+01,9.424720082343852044e-05,5.836764911399868480e-04
1.400000000000000000e+02,2.000000000000000042e-03,7.000000000000000000e+00,0.000000000000000000e+00,2.000000000000000000e+01,5.000000000000000000e+00,1.000000000000000000e+01,9.900000000000000000e+01,2.000000000000000000e+01,2.000000000000000000e+00,0.000000000000000000e+00,0.000000000000000000e+00,1.000000000000000000e+00,1.029534906103801717e-03,6.000000000000000000e+01,2.339767233107692345e-05,1.006936280766341108e-03
1.400000000000000000e+02,3.000000000000000062e-03,1.000000000000000000e+00,2.000000000000000000e+00,4.000000000000000000e+01,2.000000000000000000e+00,1.000000000000000000e+00,9.900000000000000000e+01,2.000000000000000000e+01,1.000000000000000000e+00,0.000000000000000000e+00,0.000000000000000000e+00,1.000000000000000000e+00,1.744729664375554989e-02,4.000000000000000000e+01,4.516543787021126471e-04,4.974277570286323195e-04
1.400000000000000000e+02,3.000000000000000062e-03,5.000000000000000000e+00,0.000000000000000000e+00,2.000000000000000000e+01,1.000000000000000000e+01,1.000000000000000000e+00,9.900000000000000000e+01,2.000000000000000000e+01,2.000000000000000000e+00,0.000000000000000000e+00,0.000000000000000000e+00,1.000000000000000000e+00,9.626984448564357422e-03,6.000000000000000000e+01,1.700237493713877999e-04,1.878344117148213113e-03
1.400000000000000000e+02,4.000000000000000083e-03,1.000000000000000000e+00,0.000000000000000000e+00,3.000000000000000000e+01,1.000000000000000000e+01,2.000000000000000000e+01,9.900000000000000000e+01,2.000000000000000000e+01,0.000000000000000000e+00,0.000000000000000000e+00,1.000000000000000000e+00,1.000000000000000000e+00,1.105840766894017335e-02,5.000000000000000000e+01,2.466564337420273662e-04,3.601166043592974220e-04
1.400000000000000000e+02,4.000000000000000083e-03,4.000000000000000000e+00,0.000000000000000000e+00,4.000000000000000000e+01,2.000000000000000000e+01,2.000000000000000000e+01,9.900000000000000000e+01,2.000000000000000000e+01,1.000000000000000000e+00,0.000000000000000000e+00,0.000000000000000000e+00,1.000000000000000000e+00,-1.501665946512131811e-03,4.000000000000000000e+01,-2.657836058204410403e-05,5.916267370955965174e-04
1.400000000000000000e+02,4.000000000000000083e-03,8.000000000000000000e+00,1.000000000000000000e+00,4.000000000000000000e+01,1.000000000000000000e+01,3.000000000000000000e+01,9.900000000000000000e+01,2.000000000000000000e+01,0.000000000000000000e+00,0.000000000000000000e+00,1.000000000000000000e+00,1.000000000000000000e+00,0.000000000000000000e+00,4.000000000000000000e+01,0.000000000000000000e+00,7.400956231194739552e-04
