0.000000000000000000e+00,-5.000000000000000104e-03,-1.000000000000000021e-02,2.000000000000000042e-03,3.944739815789464685e-03
0.000000000000000000e+00,-5.000000000000000104e-03,-1.000000000000000021e-02,5.000000000000000104e-03,4.508900820047865264e-03
0.000000000000000000e+00,-5.000000000000000104e-03,-1.000000000000000021e-02,6.000000000000000125e-03,4.720484052063522382e-03
0.000000000000000000e+00,-5.000000000000000104e-03,-1.000000000000000021e-02,7.000000000000000146e-03,4.268468299652865110e-03
0.000000000000000000e+00,-5.000000000000000104e-03,-1.000000000000000021e-02,8.000000000000000167e-03,4.291125198025086580e-03
0.000000000000000000e+00,-5.000000000000000104e-03,-1.000000000000000021e-02,8.999999999999999320e-03,4.042961762583676191e-03
0.000000000000000000e+00,-5.000000000000000104e-03,-1.000000000000000021e-02,1.400000000000000029e-02,4.155305657596243714e-03
0.000000000000000000e+00,-5.000000000000000104e-03,-1.000000000000000021e-02,1.899999999999999953e-02,4.135523946603898889e-03
0.000000000000000000e+00,-5.000000000000000104e-03,-7.000000000000000146e-03,1.899999999999999953e-02,4.056586415335363370e-03
0.000000000000000000e+00,-5.000000000000000104e-03,-4.000000000000000083e-03,2.000000000000000042e-03,3.493895062077086427e-03
0.000000000000000000e+00,-5.000000000000000104e-03,-4.000000000000000083e-03,6.000000000000000125e-03,4.506525064210130209e-03
0.000000000000000000e+00,-5.000000000000000104e-03,-4.000000000000000083e-03,7.000000000000000146e-03,4.284572448225435447e-03
0.000000000000000000e+00,-5.000000000000000104e-03,-4.000000000000000083e-03,8.000000000000000167e-03,4.243869009252804192e-03
0.000000000000000000e+00,-5.000000000000000104e-03,-4.000000000000000083e-03,1.200000000000000025e-02,4.195226267625917771e-03
0.000000000000000000e+00,-5.000000000000000104e-03,-4.000000000000000083e-03,1.299999999999999940e-02,4.016473124265070895e-03
0.000000000000000000e+00,-5.000000000000000104e-03,-4.000000000000000083e-03,1.400000000000000029e-02,4.171647114007337107e-03
0.000000000000000000e+00,-5.000000000000000104e-03,-4.000000000000000083e-03,1.499999999999999944e-02,4.116435236170960278e-03
0.000000000000000000e+00,-5.000000000000000104e-03,-4.000000000000000083e-03,1.899999999999999953e-02,4.344247255404335567e-03
0.000000000000000000e+00,-3.399999999999999811e-03,-4.000000000000000083e-03,1.899999999999999953e-02,5.927484800400797081e-03
0.000000000000000000e+00,-3.299999999999999982e-03,-1.000000000000000021e-02,8.000000000000000167e-03,6.289132342883157860e-03
0.000000000000000000e+00,-3.099999999999999891e-03,-6.000000000000000125e-03,1.899999999999999953e-02,7.263366872224367651e-03
0.000000000000000000e+00,-3.000000000000000062e-03,-1.000000000000000021e-02,1.899999999999999953e-02,7.614215927017342796e-03
0.000000000000000000e+00,-3.000000000000000062e-03,-4.000000000000000083e-03,1.000000000000000021e-02,5.861865886131981986e-03
0.000000000000000000e+00,-2.899999999999999800e-03,-6.000000000000000125e-03,1.099999999999999936e-02,6.661864965338631928e-03
0.000000000000000000e+00,-2.799999999999999972e-03,-8.999999999999999320e-03,1.400000000000000029e-02,7.799656977897959954e-03
0.000000000000000000e+00,-2.599999999999999881e-03,-1.000000000000000021e-02,1.099999999999999936e-02,7.976017584952385317e-03
0.000000000000000000e+00,-2.500000000000000052e-03,-1.000000000000000021e-02,1.499999999999999944e-02,8.422129308009149856e-03
0.000000000000000000e+00,-2.500000000000000052e-03,-4.000000000000000083e-03,1.200000000000000025e-02,6.968714610183418534e-03
0.000000000000000000e+00,-2.399999999999999790e-03,-1.000000000000000021e-02,1.200000000000000025e-02,8.854318337258337487e-03
0.000000000000000000e+00,-2.399999999999999790e-03,-4.000000000000000083e-03,7.000000000000000146e-03,6.583343796778389975e-03
0.000000000000000000e+00,-2.399999999999999790e-03,-4.000000000000000083e-03,1.700000000000000122e-02,7.294837199626402410e-03
0.000000000000000000e+00,-2.200000000000000133e-03,-1.000000000000000021e-02,1.299999999999999940e-02,9.759801358999235094e-03
0.000000000000000000e+00,-2.200000000000000133e-03,-4.000000000000000083e-03,1.099999999999999936e-02,8.356837839992716649e-03
0.000000000000000000e+00,-2.099999999999999870e-03,-1.000000000000000021e-02,1.899999999999999953e-02,1.090736558734897721e-02
0.000000000000000000e+00,-2.099999999999999870e-03,-8.000000000000000167e-03,1.899999999999999953e-02,1.072486087618687578e-02
0.000000000000000000e+00,-2.099999999999999870e-03,-4.000000000000000083e-03,1.299999999999999940e-02,8.436151848490133429e-03
0.000000000000000000e+00,-2.000000000000000042e-03,-6.000000000000000125e-03,1.200000000000000025e-02,1.061476811165396744e-02
0.000000000000000000e+00,-2.000000000000000042e-03,-4.000000000000000083e-03,1.099999999999999936e-02,9.041359994836817640e-03
0.000000000000000000e+00,-1.899999999999999996e-03,-1.000000000000000021e-02,1.000000000000000021e-02,1.096699243404355810e-02
0.000000000000000000e+00,-1.899999999999999996e-03,-1.000000000000000021e-02,1.099999999999999936e-02,1.103938680895672972e-02
0.000000000000000000e+00,-1.899999999999999996e-03,-1.000000000000000021e-02,1.200000000000000025e-02,1.132351943042363487e-02
0.000000000000000000e+00,-1.899999999999999996e-03,-1.000000000000000021e-02,1.899999999999999953e-02,1.198510150287167633e-02
0.000000000000000000e+00,-1.899999999999999996e-03,-7.000000000000000146e-03,1.200000000000000025e-02,1.121017370295739925e-02
0.000000000000000000e+00,-1.899999999999999996e-03,-5.000000000000000104e-03,1.400000000000000029e-02,1.016888322693110941e-02
0.000000000000000000e+00,-1.899999999999999996e-03,-4.000000000000000083e-03,1.899999999999999953e-02,1.051796575936763539e-02
0.000000000000000000e+00,-1.799999999999999951e-03,-1.000000000000000021e-02,1.400000000000000029e-02,1.161029231364631847e-02
0.000000000000000000e+00,-1.799999999999999951e-03,-1.000000000000000021e-02,1.899999999999999953e-02,1.228429327341794795e-02
0.000000000000000000e+00,-1.799999999999999951e-03,-4.000000000000000083e-03,1.899999999999999953e-02,1.085555141352623383e-02
0.000000000000000000e+00,-1.699999999999999905e-03,-1.000000000000000021e-02,1.600000000000000033e-02,1.212711215985861311e-02
0.000000000000000000e+00,-1.699999999999999905e-03,-1.000000000000000021e-02,1.899999999999999953e-02,1.269101458026597115e-02
0.000000000000000000e+00,-1.699999999999999905e-03,-6.000000000000000125e-03,1.299999999999999940e-02,1.201057210954760944e-02
0.000000000000000000e+00,-1.699999999999999905e-03,-5.000000000000000104e-03,1.899999999999999953e-02,1.178167763149358047e-02
0.000000000000000000e+00,-1.600000000000000077e-03,-1.000000000000000021e-02,1.200000000000000025e-02,1.302797750829638897e-02
0.000000000000000000e+00,-1.600000000000000077e-03,-1.000000000000000021e-02,1.499999999999999944e-02,1.303801349907775763e-02
0.000000000000000000e+00,-1.600000000000000077e-03,-1.000000000000000021e-02,1.600000000000000033e-02,1.307612385987082584e-02
0.000000000000000000e+00,-1.600000000000000077e-03,-7.000000000000000146e-03,1.400000000000000029e-02,1.279199182840464431e-02
0.000000000000000000e+00,-1.600000000000000077e-03,-7.000000000000000146e-03,1.899999999999999953e-02,1.363763263581977032e-02
0.000000000000000000e+00,-1.600000000000000077e-03,-6.000000000000000125e-03,1.200000000000000025e-02,1.302797750829638897e-02
0.000000000000000000e+00,-1.500000000000000031e-03,-1.000000000000000021e-02,1.000000000000000021e-02,1.289402184389967961e-02
0.000000000000000000e+00,-1.500000000000000031e-03,-1.000000000000000021e-02,1.600000000000000033e-02,1.347320000239462211e-02
0.000000000000000000e+00,-1.500000000000000031e-03,-1.000000000000000021e-02,1.899999999999999953e-02,1.403184770475722314e-02
0.000000000000000000e+00,-1.500000000000000031e-03,-8.999999999999999320e-03,1.000000000000000021e-02,1.289402184389967961e-02
0.000000000000000000e+00,-1.500000000000000031e-03,-8.999999999999999320e-03,1.700000000000000122e-02,1.347159436815967455e-02
0.000000000000000000e+00,-1.500000000000000031e-03,-8.000000000000000167e-03,1.600000000000000033e-02,1.347320000239462211e-02
0.000000000000000000e+00,-1.500000000000000031e-03,-6.000000000000000125e-03,8.999999999999999320e-03,1.284724525826407351e-02
0.000000000000000000e+00,-1.500000000000000031e-03,-6.000000000000000125e-03,1.700000000000000122e-02,1.298171574831178711e-02
0.000000000000000000e+00,-1.500000000000000031e-03,-4.000000000000000083e-03,1.899999999999999953e-02,1.308915198263672398e-02
0.000000000000000000e+00,-1.399999999999999986e-03,-8.000000000000000167e-03,1.299999999999999940e-02,1.397902542029552490e-02
0.000000000000000000e+00,-1.399999999999999986e-03,-8.000000000000000167e-03,1.899999999999999953e-02,1.455060436551966312e-02
0.000000000000000000e+00,-1.399999999999999986e-03,-7.000000000000000146e-03,1.600000000000000033e-02,1.399427129624351319e-02
0.000000000000000000e+00,-1.399999999999999986e-03,-5.000000000000000104e-03,1.700000000000000122e-02,1.314904539197260178e-02
0.000000000000000000e+00,-1.399999999999999986e-03,-4.000000000000000083e-03,1.899999999999999953e-02,1.367255597798049636e-02
0.000000000000000000e+00,-1.299999999999999940e-03,-1.000000000000000021e-02,1.499999999999999944e-02,1.463668177809075883e-02
0.000000000000000000e+00,-1.299999999999999940e-03,-1.000000000000000021e-02,1.899999999999999953e-02,1.522633305345798965e-02
0.000000000000000000e+00,-1.299999999999999940e-03,-8.999999999999999320e-03,1.200000000000000025e-02,1.460384443300711058e-02
0.000000000000000000e+00,-1.299999999999999940e-03,-8.999999999999999320e-03,1.400000000000000029e-02,1.459021313224851887e-02
0.000000000000000000e+00,-1.299999999999999940e-03,-6.000000000000000125e-03,1.499999999999999944e-02,1.445008917647014508e-02
0.000000000000000000e+00,-1.299999999999999940e-03,-4.000000000000000083e-03,1.499999999999999944e-02,1.339089658290759308e-02
0.000000000000000000e+00,-1.299999999999999940e-03,-4.000000000000000083e-03,1.600000000000000033e-02,1.337185912850390873e-02
0.000000000000000000e+00,-1.199999999999999895e-03,-1.000000000000000021e-02,1.799999999999999864e-02,1.559360076995748232e-02
0.000000000000000000e+00,-1.199999999999999895e-03,-7.000000000000000146e-03,1.400000000000000029e-02,1.482236475150897938e-02
0.000000000000000000e+00,-1.199999999999999895e-03,-7.000000000000000146e-03,1.499999999999999944e-02,1.487073177662534898e-02
0.000000000000000000e+00,-1.100000000000000066e-03,-1.000000000000000021e-02,1.600000000000000033e-02,1.537422109089607407e-02
0.000000000000000000e+00,-1.100000000000000066e-03,-1.000000000000000021e-02,1.700000000000000122e-02,1.538353807816043688e-02
0.000000000000000000e+00,-1.100000000000000066e-03,-1.000000000000000021e-02,1.799999999999999864e-02,1.589368534109178790e-02
0.000000000000000000e+00,-1.100000000000000066e-03,-8.000000000000000167e-03,1.499999999999999944e-02,1.534490719803561359e-02
0.000000000000000000e+00,-1.100000000000000066e-03,-5.000000000000000104e-03,1.600000000000000033e-02,1.452125651901498005e-02
0.000000000000000000e+00,-1.100000000000000066e-03,-5.000000000000000104e-03,1.799999999999999864e-02,1.552803994865747245e-02
0.000000000000000000e+00,-1.100000000000000066e-03,-4.000000000000000083e-03,1.799999999999999864e-02,1.530447711992892826e-02
0.000000000000000000e+00,-1.000000000000000021e-03,-1.000000000000000021e-02,1.299999999999999940e-02,1.588001465640881057e-02
0.000000000000000000e+00,-1.000000000000000021e-03,-8.000000000000000167e-03,1.700000000000000122e-02,1.591111217777052209e-02
0.000000000000000000e+00,-1.000000000000000021e-03,-7.000000000000000146e-03,1.799999999999999864e-02,1.641230706431666062e-02
0.000000000000000000e+00,-1.000000000000000021e-03,-6.000000000000000125e-03,1.499999999999999944e-02,1.571414722207921388e-02
0.000000000000000000e+00,-1.000000000000000021e-03,-6.000000000000000125e-03,1.600000000000000033e-02,1.589980822723109644e-02
0.000000000000000000e+00,-8.999999999999999754e-04,-1.000000000000000021e-02,1.799999999999999864e-02,1.640661899972556750e-02
0.000000000000000000e+00,-8.999999999999999754e-04,-8.000000000000000167e-03,1.799999999999999864e-02,1.640661899972556750e-02
0.000000000000000000e+00,-8.999999999999999754e-04,-5.000000000000000104e-03,1.799999999999999864e-02,1.600975207806877923e-02
0.000000000000000000e+00,-8.000000000000000383e-04,-1.000000000000000021e-02,1.600000000000000033e-02,1.590058073770694511e-02
0.000000000000000000e+00,-8.000000000000000383e-04,-8.999999999999999320e-03,1.700000000000000122e-02,1.589727524511282478e-02
0.000000000000000000e+00,-8.000000000000000383e-04,-8.000000000000000167e-03,1.700000000000000122e-02,1.589727524511282478e-02
0.000000000000000000e+00,-8.000000000000000383e-04,-8.000000000000000167e-03,1.799999999999999864e-02,1.609953774834349191e-02
0.000000000000000000e+00,-8.000000000000000383e-04,-7.000000000000000146e-03,1.499999999999999944e-02,1.573345580388436221e-02
0.000000000000000000e+00,-8.000000000000000383e-04,-7.000000000000000146e-03,1.899999999999999953e-02,1.618011448740517763e-02
0.000000000000000000e+00,-8.000000000000000383e-04,-6.000000000000000125e-03,1.499999999999999944e-02,1.573345580388436221e-02
0.000000000000000000e+00,-8.000000000000000383e-04,-5.000000000000000104e-03,1.200000000000000025e-02,1.503165692523468142e-02
0.000000000000000000e+00,-8.000000000000000383e-04,-4.000000000000000083e-03,1.299999999999999940e-02,1.484144142438410113e-02
0.000000000000000000e+00,-6.999999999999999929e-04,-1.000000000000000021e-02,1.499999999999999944e-02,1.588533436764321197e-02
0.000000000000000000e+00,-6.999999999999999929e-04,-7.000000000000000146e-03,1.799999999999999864e-02,1.613543215265030029e-02
0.000000000000000000e+00,-6.999999999999999929e-04,-6.000000000000000125e-03,1.799999999999999864e-02,1.613543215265030029e-02
0.000000000000000000e+00,-6.999999999999999929e-04,-6.000000000000000125e-03,1.899999999999999953e-02,1.622546369301239647e-02
0.000000000000000000e+00,-6.999999999999999929e-04,-5.000000000000000104e-03,1.299999999999999940e-02,1.547901611885889490e-02
0.000000000000000000e+00,-6.999999999999999929e-04,-4.000000000000000083e-03,1.899999999999999953e-02,1.563899506076645018e-02
0.000000000000000000e+00,-5.999999999999999474e-04,-1.000000000000000021e-02,1.600000000000000033e-02,1.596439523666244240e-02
0.000000000000000000e+00,-5.999999999999999474e-04,-8.999999999999999320e-03,1.700000000000000122e-02,1.595636454478150529e-02
0.000000000000000000e+00,-5.999999999999999474e-04,-8.000000000000000167e-03,1.700000000000000122e-02,1.595636454478150529e-02
0.000000000000000000e+00,-5.999999999999999474e-04,-6.000000000000000125e-03,1.799999999999999864e-02,1.618053846836077850e-02
0.000000000000000000e+00,-5.999999999999999474e-04,-6.000000000000000125e-03,1.899999999999999953e-02,1.624438693148039931e-02
0.000000000000000000e+00,-5.999999999999999474e-04,-5.000000000000000104e-03,1.799999999999999864e-02,1.578368451882391360e-02
0.000000000000000000e+00,-5.999999999999999474e-04,-5.000000000000000104e-03,1.899999999999999953e-02,1.584753298194353441e-02
0.000000000000000000e+00,-5.999999999999999474e-04,-4.000000000000000083e-03,1.799999999999999864e-02,1.561044897064051140e-02
0.000000000000000000e+00,-5.000000000000000104e-04,-1.000000000000000021e-02,1.400000000000000029e-02,1.601878443577921252e-02
0.000000000000000000e+00,-5.000000000000000104e-04,-1.000000000000000021e-02,1.600000000000000033e-02,1.612214166427499568e-02
0.000000000000000000e+00,-5.000000000000000104e-04,-7.000000000000000146e-03,1.799999999999999864e-02,1.633109474856822910e-02
0.000000000000000000e+00,-5.000000000000000104e-04,-6.000000000000000125e-03,1.600000000000000033e-02,1.612214166427499568e-02
0.000000000000000000e+00,-5.000000000000000104e-04,-6.000000000000000125e-03,1.899999999999999953e-02,1.639487419552102324e-02
0.000000000000000000e+00,-5.000000000000000104e-04,-5.000000000000000104e-03,1.799999999999999864e-02,1.593046380897525718e-02
0.000000000000000000e+00,-4.000000000000000192e-04,-1.000000000000000021e-02,1.600000000000000033e-02,1.592543206564607863e-02
0.000000000000000000e+00,-4.000000000000000192e-04,-8.999999999999999320e-03,1.499999999999999944e-02,1.586966754377995559e-02
0.000000000000000000e+00,-4.000000000000000192e-04,-4.000000000000000083e-03,1.200000000000000025e-02,1.480693332583488120e-02
0.000000000000000000e+00,-4.000000000000000192e-04,-4.000000000000000083e-03,1.799999999999999864e-02,1.561808623058121188e-02
0.000000000000000000e+00,-2.000000000000000096e-04,-1.000000000000000021e-02,1.499999999999999944e-02,1.514337010983416408e-02
0.000000000000000000e+00,-2.000000000000000096e-04,-8.000000000000000167e-03,1.499999999999999944e-02,1.514337010983416408e-02
0.000000000000000000e+00,-2.000000000000000096e-04,-8.000000000000000167e-03,1.799999999999999864e-02,1.549154128383540066e-02
0.000000000000000000e+00,-2.000000000000000096e-04,-6.000000000000000125e-03,1.899999999999999953e-02,1.549154128383539025e-02
0.000000000000000000e+00,-1.000000000000000048e-04,-1.000000000000000021e-02,2.000000000000000042e-03,6.762013888206511690e-03
0.000000000000000000e+00,-1.000000000000000048e-04,-1.000000000000000021e-02,6.000000000000000125e-03,1.205300154463313442e-02
0.000000000000000000e+00,-1.000000000000000048e-04,-1.000000000000000021e-02,7.000000000000000146e-03,1.258968682248081013e-02
0.000000000000000000e+00,-1.000000000000000048e-04,-1.000000000000000021e-02,8.000000000000000167e-03,1.322270286155734567e-02
0.000000000000000000e+00,-1.000000000000000048e-04,-1.000000000000000021e-02,8.999999999999999320e-03,1.351505712884605755e-02
0.000000000000000000e+00,-1.000000000000000048e-04,-1.000000000000000021e-02,1.000000000000000021e-02,1.388762783471984320e-02
0.000000000000000000e+00,-1.000000000000000048e-04,-1.000000000000000021e-02,1.099999999999999936e-02,1.420817656071111240e-02
0.000000000000000000e+00,-1.000000000000000048e-04,-1.000000000000000021e-02,1.200000000000000025e-02,1.432801854677008720e-02
0.000000000000000000e+00,-1.000000000000000048e-04,-1.000000000000000021e-02,1.299999999999999940e-02,1.440748571395355365e-02
0.000000000000000000e+00,-1.000000000000000048e-04,-1.000000000000000021e-02,1.400000000000000029e-02,1.446286444839961494e-02
0.000000000000000000e+00,-1.000000000000000048e-04,-1.000000000000000021e-02,1.499999999999999944e-02,1.449809236365904620e-02
0.000000000000000000e+00,-1.000000000000000048e-04,-1.000000000000000021e-02,1.600000000000000033e-02,1.455316754059999412e-02
0.000000000000000000e+00,-1.000000000000000048e-04,-1.000000000000000021e-02,1.700000000000000122e-02,1.463379956233109604e-02
0.000000000000000000e+00,-1.000000000000000048e-04,-1.000000000000000021e-02,1.799999999999999864e-02,1.485644887814560784e-02
0.000000000000000000e+00,-1.000000000000000048e-04,-1.000000000000000021e-02,1.899999999999999953e-02,1.485644887814559743e-02
0.000000000000000000e+00,-1.000000000000000048e-04,-8.999999999999999320e-03,6.000000000000000125e-03,1.205300154463313442e-02
0.000000000000000000e+00,-1.000000000000000048e-04,-8.999999999999999320e-03,8.999999999999999320e-03,1.351505712884605755e-02
0.000000000000000000e+00,-1.000000000000000048e-04,-8.999999999999999320e-03,1.099999999999999936e-02,1.420817656071111240e-02
0.000000000000000000e+00,-1.000000000000000048e-04,-8.999999999999999320e-03,1.200000000000000025e-02,1.432801854677008720e-02
0.000000000000000000e+00,-1.000000000000000048e-04,-8.999999999999999320e-03,1.299999999999999940e-02,1.440748571395355365e-02
0.000000000000000000e+00,-1.000000000000000048e-04,-8.999999999999999320e-03,1.499999999999999944e-02,1.449809236365904620e-02
0.000000000000000000e+00,-1.000000000000000048e-04,-8.999999999999999320e-03,1.700000000000000122e-02,1.463379956233109604e-02
0.000000000000000000e+00,-1.000000000000000048e-04,-8.999999999999999320e-03,1.799999999999999864e-02,1.485644887814560784e-02
0.000000000000000000e+00,-1.000000000000000048e-04,-8.999999999999999320e-03,1.899999999999999953e-02,1.485644887814559743e-02
0.000000000000000000e+00,-1.000000000000000048e-04,-8.000000000000000167e-03,4.000000000000000083e-03,1.043115835297397584e-02
0.000000000000000000e+00,-1.000000000000000048e-04,-8.000000000000000167e-03,7.000000000000000146e-03,1.258968682248081013e-02
0.000000000000000000e+00,-1.000000000000000048e-04,-8.000000000000000167e-03,8.000000000000000167e-03,1.322270286155734567e-02
0.000000000000000000e+00,-1.000000000000000048e-04,-8.000000000000000167e-03,8.999999999999999320e-03,1.351505712884605755e-02
0.000000000000000000e+00,-1.000000000000000048e-04,-8.000000000000000167e-03,1.000000000000000021e-02,1.388762783471984320e-02
0.000000000000000000e+00,-1.000000000000000048e-04,-8.000000000000000167e-03,1.099999999999999936e-02,1.420817656071111240e-02
0.000000000000000000e+00,-1.000000000000000048e-04,-8.000000000000000167e-03,1.200000000000000025e-02,1.432801854677008720e-02
0.000000000000000000e+00,-1.000000000000000048e-04,-8.000000000000000167e-03,1.299999999999999940e-02,1.440748571395355365e-02
0.000000000000000000e+00,-1.000000000000000048e-04,-8.000000000000000167e-03,1.400000000000000029e-02,1.446286444839961494e-02
0.000000000000000000e+00,-1.000000000000000048e-04,-8.000000000000000167e-03,1.499999999999999944e-02,1.449809236365904620e-02
0.000000000000000000e+00,-1.000000000000000048e-04,-8.000000000000000167e-03,1.600000000000000033e-02,1.455316754059999412e-02
0.000000000000000000e+00,-1.000000000000000048e-04,-8.000000000000000167e-03,1.700000000000000122e-02,1.463379956233109604e-02
0.000000000000000000e+00,-1.000000000000000048e-04,-8.000000000000000167e-03,1.799999999999999864e-02,1.485644887814560784e-02
0.000000000000000000e+00,-1.000000000000000048e-04,-8.000000000000000167e-03,1.899999999999999953e-02,1.485644887814559743e-02
0.000000000000000000e+00,-1.000000000000000048e-04,-7.000000000000000146e-03,6.000000000000000125e-03,1.205300154463313442e-02
0.000000000000000000e+00,-1.000000000000000048e-04,-7.000000000000000146e-03,7.000000000000000146e-03,1.258968682248081013e-02
0.000000000000000000e+00,-1.000000000000000048e-04,-7.000000000000000146e-03,8.999999999999999320e-03,1.351505712884605755e-02
0.000000000000000000e+00,-1.000000000000000048e-04,-7.000000000000000146e-03,1.000000000000000021e-02,1.383469918585501432e-02
0.000000000000000000e+00,-1.000000000000000048e-04,-7.000000000000000146e-03,1.099999999999999936e-02,1.415516868722531754e-02
0.000000000000000000e+00,-1.000000000000000048e-04,-7.000000000000000146e-03,1.200000000000000025e-02,1.432801854677008720e-02
0.000000000000000000e+00,-1.000000000000000048e-04,-7.000000000000000146e-03,1.299999999999999940e-02,1.440748571395355365e-02
0.000000000000000000e+00,-1.000000000000000048e-04,-7.000000000000000146e-03,1.400000000000000029e-02,1.439139146778457140e-02
0.000000000000000000e+00,-1.000000000000000048e-04,-7.000000000000000146e-03,1.499999999999999944e-02,1.442661938304400440e-02
0.000000000000000000e+00,-1.000000000000000048e-04,-7.000000000000000146e-03,1.600000000000000033e-02,1.455316754059999412e-02
0.000000000000000000e+00,-1.000000000000000048e-04,-7.000000000000000146e-03,1.700000000000000122e-02,1.463379956233109604e-02
0.000000000000000000e+00,-1.000000000000000048e-04,-7.000000000000000146e-03,1.799999999999999864e-02,1.485644887814560784e-02
0.000000000000000000e+00,-1.000000000000000048e-04,-7.000000000000000146e-03,1.899999999999999953e-02,1.485644887814559743e-02
0.000000000000000000e+00,-1.000000000000000048e-04,-6.000000000000000125e-03,7.000000000000000146e-03,1.258968682248081013e-02
0.000000000000000000e+00,-1.000000000000000048e-04,-6.000000000000000125e-03,8.999999999999999320e-03,1.351505712884605755e-02
0.000000000000000000e+00,-1.000000000000000048e-04,-6.000000000000000125e-03,1.000000000000000021e-02,1.383469918585501432e-02
0.000000000000000000e+00,-1.000000000000000048e-04,-6.000000000000000125e-03,1.099999999999999936e-02,1.415516868722531754e-02
0.000000000000000000e+00,-1.000000000000000048e-04,-6.000000000000000125e-03,1.200000000000000025e-02,1.432801854677008720e-02
0.000000000000000000e+00,-1.000000000000000048e-04,-6.000000000000000125e-03,1.299999999999999940e-02,1.440748571395355365e-02
0.000000000000000000e+00,-1.000000000000000048e-04,-6.000000000000000125e-03,1.400000000000000029e-02,1.439139146778457140e-02
0.000000000000000000e+00,-1.000000000000000048e-04,-6.000000000000000125e-03,1.499999999999999944e-02,1.442661938304400440e-02
0.000000000000000000e+00,-1.000000000000000048e-04,-6.000000000000000125e-03,1.600000000000000033e-02,1.455316754059999412e-02
0.000000000000000000e+00,-1.000000000000000048e-04,-6.000000000000000125e-03,1.700000000000000122e-02,1.426155616432582020e-02
0.000000000000000000e+00,-1.000000000000000048e-04,-6.000000000000000125e-03,1.899999999999999953e-02,1.485644887814559743e-02
0.000000000000000000e+00,-1.000000000000000048e-04,-5.000000000000000104e-03,1.200000000000000025e-02,1.396676734074220674e-02
0.000000000000000000e+00,-1.000000000000000048e-04,-5.000000000000000104e-03,1.299999999999999940e-02,1.440748571395355365e-02
0.000000000000000000e+00,-1.000000000000000048e-04,-5.000000000000000104e-03,1.400000000000000029e-02,1.436390258841862069e-02
0.000000000000000000e+00,-1.000000000000000048e-04,-5.000000000000000104e-03,1.499999999999999944e-02,1.439913050367805196e-02
0.000000000000000000e+00,-1.000000000000000048e-04,-5.000000000000000104e-03,1.700000000000000122e-02,1.424883582766958874e-02
0.000000000000000000e+00,-1.000000000000000048e-04,-5.000000000000000104e-03,1.799999999999999864e-02,1.485644887814560784e-02
0.000000000000000000e+00,-1.000000000000000048e-04,-5.000000000000000104e-03,1.899999999999999953e-02,1.485644887814559743e-02
0.000000000000000000e+00,-1.000000000000000048e-04,-4.000000000000000083e-03,2.000000000000000042e-03,6.412485128272704844e-03
0.000000000000000000e+00,-1.000000000000000048e-04,-4.000000000000000083e-03,4.000000000000000083e-03,9.597999454349264228e-03
0.000000000000000000e+00,-1.000000000000000048e-04,-4.000000000000000083e-03,5.000000000000000104e-03,1.058662358249130506e-02
0.000000000000000000e+00,-1.000000000000000048e-04,-4.000000000000000083e-03,6.000000000000000125e-03,1.127112819425924242e-02
0.000000000000000000e+00,-1.000000000000000048e-04,-4.000000000000000083e-03,7.000000000000000146e-03,1.129003423978709904e-02
0.000000000000000000e+00,-1.000000000000000048e-04,-4.000000000000000083e-03,8.000000000000000167e-03,1.217644970757225664e-02
0.000000000000000000e+00,-1.000000000000000048e-04,-4.000000000000000083e-03,8.999999999999999320e-03,1.300413977455328746e-02
0.000000000000000000e+00,-1.000000000000000048e-04,-4.000000000000000083e-03,1.099999999999999936e-02,1.381109855024505693e-02
0.000000000000000000e+00,-1.000000000000000048e-04,-4.000000000000000083e-03,1.200000000000000025e-02,1.358033708903546265e-02
0.000000000000000000e+00,-1.000000000000000048e-04,-4.000000000000000083e-03,1.299999999999999940e-02,1.364678794456641517e-02
0.000000000000000000e+00,-1.000000000000000048e-04,-4.000000000000000083e-03,1.400000000000000029e-02,1.362376644006898542e-02
0.000000000000000000e+00,-1.000000000000000048e-04,-4.000000000000000083e-03,1.499999999999999944e-02,1.365899435532841669e-02
0.000000000000000000e+00,-1.000000000000000048e-04,-4.000000000000000083e-03,1.600000000000000033e-02,1.365723579342168099e-02
0.000000000000000000e+00,-1.000000000000000048e-04,-4.000000000000000083e-03,1.700000000000000122e-02,1.373753090560566291e-02
0.000000000000000000e+00,-1.000000000000000048e-04,-4.000000000000000083e-03,1.799999999999999864e-02,1.434514395608168201e-02
0.000000000000000000e+00,-1.000000000000000048e-04,-4.000000000000000083e-03,1.899999999999999953e-02,1.434514395608166987e-02
1.000000000000000048e-04,-4.799999999999999580e-03,-1.000000000000000021e-02,2.000000000000000042e-03,4.207487187463563975e-03
1.000000000000000048e-04,-4.499999999999999660e-03,-6.000000000000000125e-03,1.600000000000000033e-02,4.133800965625522225e-03
1.000000000000000048e-04,-1.199999999999999895e-03,-4.000000000000000083e-03,1.600000000000000033e-02,1.474289654660892318e-02
1.000000000000000048e-04,-1.000000000000000021e-03,-1.000000000000000021e-02,1.499999999999999944e-02,1.607146364208023384e-02
1.000000000000000048e-04,-5.999999999999999474e-04,-8.000000000000000167e-03,1.700000000000000122e-02,1.595004007090226189e-02
1.000000000000000048e-04,-5.000000000000000104e-04,-1.000000000000000021e-02,1.499999999999999944e-02,1.608381128308813274e-02
1.000000000000000048e-04,-5.000000000000000104e-04,-8.999999999999999320e-03,1.799999999999999864e-02,1.628791013666234730e-02
1.000000000000000048e-04,-4.000000000000000192e-04,-1.000000000000000021e-02,1.200000000000000025e-02,1.579008840426931667e-02
2.000000000000000096e-04,-3.399999999999999811e-03,-4.000000000000000083e-03,1.299999999999999940e-02,5.299548114748101925e-03
2.000000000000000096e-04,-2.000000000000000042e-03,-1.000000000000000021e-02,6.000000000000000125e-03,1.004858032629687113e-02
2.000000000000000096e-04,-1.299999999999999940e-03,-4.000000000000000083e-03,5.000000000000000104e-03,1.131835004169917322e-02
2.000000000000000096e-04,-1.199999999999999895e-03,-8.000000000000000167e-03,1.099999999999999936e-02,1.473294670241172798e-02
2.000000000000000096e-04,-6.999999999999999929e-04,-1.000000000000000021e-02,1.499999999999999944e-02,1.599629842786699785e-02
2.000000000000000096e-04,-6.999999999999999929e-04,-6.000000000000000125e-03,1.799999999999999864e-02,1.620872155732441464e-02
2.000000000000000096e-04,-5.000000000000000104e-04,-1.000000000000000021e-02,1.899999999999999953e-02,1.649851027057797417e-02
2.000000000000000096e-04,-1.000000000000000048e-04,-8.000000000000000167e-03,1.200000000000000025e-02,1.500259114957927693e-02
2.000000000000000096e-04,-1.000000000000000048e-04,-8.000000000000000167e-03,1.799999999999999864e-02,1.556602577005696854e-02
2.000000000000000096e-04,-1.000000000000000048e-04,-6.000000000000000125e-03,1.499999999999999944e-02,1.526410338979683479e-02
2.000000000000000096e-04,-1.000000000000000048e-04,-6.000000000000000125e-03,1.799999999999999864e-02,1.556602577005696854e-02
2.999999999999999737e-04,-3.599999999999999901e-03,-8.999999999999999320e-03,1.299999999999999940e-02,5.345852420800241769e-03
2.999999999999999737e-04,-1.000000000000000021e-03,-5.000000000000000104e-03,1.799999999999999864e-02,1.628969309615768343e-02
2.999999999999999737e-04,-8.000000000000000383e-04,-8.000000000000000167e-03,1.200000000000000025e-02,1.591085943147024090e-02
2.999999999999999737e-04,-8.000000000000000383e-04,-6.000000000000000125e-03,1.600000000000000033e-02,1.599933517192345458e-02
2.999999999999999737e-04,-6.999999999999999929e-04,-1.000000000000000021e-02,1.400000000000000029e-02,1.596822420255429240e-02
2.999999999999999737e-04,-6.999999999999999929e-04,-8.999999999999999320e-03,1.499999999999999944e-02,1.614009861873495766e-02
2.999999999999999737e-04,-5.999999999999999474e-04,-8.999999999999999320e-03,1.499999999999999944e-02,1.629051332851040590e-02
2.999999999999999737e-04,-4.000000000000000192e-04,-6.000000000000000125e-03,1.799999999999999864e-02,1.663995179714324382e-02
2.999999999999999737e-04,-4.000000000000000192e-04,-5.000000000000000104e-03,1.000000000000000021e-02,1.540274059397474769e-02
2.999999999999999737e-04,-1.000000000000000048e-04,-1.000000000000000021e-02,1.200000000000000025e-02,1.575448592789779195e-02
2.999999999999999737e-04,-1.000000000000000048e-04,-1.000000000000000021e-02,1.799999999999999864e-02,1.623332045338444357e-02
2.999999999999999737e-04,-1.000000000000000048e-04,-6.000000000000000125e-03,1.400000000000000029e-02,1.546601431767506522e-02
2.999999999999999737e-04,-1.000000000000000048e-04,-6.000000000000000125e-03,1.499999999999999944e-02,1.594010402002084270e-02
2.999999999999999737e-04,-1.000000000000000048e-04,-4.000000000000000083e-03,8.999999999999999320e-03,1.359140441750678399e-02
4.000000000000000192e-04,-2.500000000000000052e-03,-6.000000000000000125e-03,1.200000000000000025e-02,8.341802156977062149e-03
4.000000000000000192e-04,-2.200000000000000133e-03,-6.000000000000000125e-03,1.099999999999999936e-02,9.718807092361033198e-03
4.000000000000000192e-04,-1.299999999999999940e-03,-8.000000000000000167e-03,1.899999999999999953e-02,1.500748035227802459e-02
4.000000000000000192e-04,-1.000000000000000021e-03,-8.000000000000000167e-03,1.299999999999999940e-02,1.573156585226581985e-02
4.000000000000000192e-04,-6.999999999999999929e-04,-8.000000000000000167e-03,1.799999999999999864e-02,1.641647786321707297e-02
4.000000000000000192e-04,-5.999999999999999474e-04,-1.000000000000000021e-02,1.600000000000000033e-02,1.623628723883682040e-02
4.000000000000000192e-04,-5.999999999999999474e-04,-1.000000000000000021e-02,1.799999999999999864e-02,1.652822701455631746e-02
4.000000000000000192e-04,-5.999999999999999474e-04,-8.999999999999999320e-03,1.899999999999999953e-02,1.648916417030428169e-02
4.000000000000000192e-04,-5.999999999999999474e-04,-7.000000000000000146e-03,2.000000000000000042e-03,7.663283232246940330e-03
4.000000000000000192e-04,-5.999999999999999474e-04,-7.000000000000000146e-03,1.899999999999999953e-02,1.648916417030428169e-02
4.000000000000000192e-04,-5.000000000000000104e-04,-8.999999999999999320e-03,1.400000000000000029e-02,1.632223318209204133e-02
4.000000000000000192e-04,-4.000000000000000192e-04,-8.999999999999999320e-03,1.200000000000000025e-02,1.630431100265767458e-02
4.000000000000000192e-04,-1.000000000000000048e-04,-7.000000000000000146e-03,1.799999999999999864e-02,1.629064723036351484e-02
4.000000000000000192e-04,-1.000000000000000048e-04,-6.000000000000000125e-03,1.299999999999999940e-02,1.591816584601718140e-02
5.000000000000000104e-04,-5.000000000000000104e-03,-1.000000000000000021e-02,7.000000000000000146e-03,4.724622009646517462e-03
5.000000000000000104e-04,-5.000000000000000104e-03,-5.000000000000000104e-03,6.000000000000000125e-03,5.099563806121597091e-03
5.000000000000000104e-04,-3.799999999999999992e-03,-4.000000000000000083e-03,7.000000000000000146e-03,4.729795731324346747e-03
5.000000000000000104e-04,-1.899999999999999996e-03,-6.000000000000000125e-03,1.799999999999999864e-02,1.177505787785766179e-02
5.000000000000000104e-04,-8.000000000000000383e-04,-1.000000000000000021e-02,1.499999999999999944e-02,1.619963076959530721e-02
5.000000000000000104e-04,-8.000000000000000383e-04,-6.000000000000000125e-03,1.799999999999999864e-02,1.638988882554178947e-02
5.000000000000000104e-04,-6.999999999999999929e-04,-7.000000000000000146e-03,1.700000000000000122e-02,1.618402499526345670e-02
5.000000000000000104e-04,-5.999999999999999474e-04,-8.999999999999999320e-03,1.799999999999999864e-02,1.654562948619656831e-02
5.000000000000000104e-04,-5.999999999999999474e-04,-8.000000000000000167e-03,1.899999999999999953e-02,1.656487405052851219e-02
5.000000000000000104e-04,-5.999999999999999474e-04,-7.000000000000000146e-03,1.799999999999999864e-02,1.654562948619656831e-02
5.000000000000000104e-04,-5.999999999999999474e-04,-5.000000000000000104e-03,1.499999999999999944e-02,1.635255403820371281e-02
5.000000000000000104e-04,-5.000000000000000104e-04,-1.000000000000000021e-02,1.600000000000000033e-02,1.657995424972093582e-02
5.000000000000000104e-04,-5.000000000000000104e-04,-8.999999999999999320e-03,1.499999999999999944e-02,1.660276122747308611e-02
5.000000000000000104e-04,-5.000000000000000104e-04,-8.000000000000000167e-03,1.799999999999999864e-02,1.680219108874079700e-02
5.000000000000000104e-04,-2.999999999999999737e-04,-8.999999999999999320e-03,1.799999999999999864e-02,1.675461692745978601e-02
5.000000000000000104e-04,-1.000000000000000048e-04,-1.000000000000000021e-02,1.600000000000000033e-02,1.615341202986737140e-02
5.000000000000000104e-04,-1.000000000000000048e-04,-8.000000000000000167e-03,1.499999999999999944e-02,1.615483741437179904e-02
5.000000000000000104e-04,-1.000000000000000048e-04,-6.000000000000000125e-03,1.400000000000000029e-02,1.561114573516073599e-02
5.000000000000000104e-04,-1.000000000000000048e-04,-5.000000000000000104e-03,8.999999999999999320e-03,1.469580212232994391e-02
5.000000000000000104e-04,-1.000000000000000048e-04,-5.000000000000000104e-03,1.000000000000000021e-02,1.525178723702423980e-02
5.000000000000000104e-04,-1.000000000000000048e-04,-4.000000000000000083e-03,1.700000000000000122e-02,1.600560400014045676e-02
5.999999999999999474e-04,-4.599999999999999922e-03,-8.999999999999999320e-03,1.299999999999999940e-02,4.954011414283393533e-03
5.999999999999999474e-04,-4.300000000000000003e-03,-7.000000000000000146e-03,1.499999999999999944e-02,4.781100935746233037e-03
5.999999999999999474e-04,-1.299999999999999940e-03,-1.000000000000000021e-02,1.899999999999999953e-02,1.494277039039221960e-02
5.999999999999999474e-04,-8.000000000000000383e-04,-5.000000000000000104e-03,1.000000000000000021e-02,1.571036681804850732e-02
5.999999999999999474e-04,-6.999999999999999929e-04,-8.999999999999999320e-03,1.200000000000000025e-02,1.599622534229507356e-02
5.999999999999999474e-04,-5.999999999999999474e-04,-1.000000000000000021e-02,1.899999999999999953e-02,1.644553630911367234e-02
5.999999999999999474e-04,-5.999999999999999474e-04,-8.999999999999999320e-03,1.799999999999999864e-02,1.641139159232118949e-02
5.999999999999999474e-04,-5.000000000000000104e-04,-6.000000000000000125e-03,1.799999999999999864e-02,1.671365868385728953e-02
5.999999999999999474e-04,-5.000000000000000104e-04,-5.000000000000000104e-03,1.899999999999999953e-02,1.676430433306961426e-02
5.999999999999999474e-04,-4.000000000000000192e-04,-8.999999999999999320e-03,1.799999999999999864e-02,1.681603356613810274e-02
5.999999999999999474e-04,-1.000000000000000048e-04,-8.999999999999999320e-03,1.799999999999999864e-02,1.658552335271357842e-02
5.999999999999999474e-04,-1.000000000000000048e-04,-6.000000000000000125e-03,1.400000000000000029e-02,1.625154614012234641e-02
5.999999999999999474e-04,-1.000000000000000048e-04,-5.000000000000000104e-03,1.299999999999999940e-02,1.631329396325267508e-02
5.999999999999999474e-04,-1.000000000000000048e-04,-5.000000000000000104e-03,1.799999999999999864e-02,1.658552335271357842e-02
5.999999999999999474e-04,-1.000000000000000048e-04,-5.000000000000000104e-03,1.899999999999999953e-02,1.657023068923851525e-02
5.999999999999999474e-04,-1.000000000000000048e-04,-4.000000000000000083e-03,1.600000000000000033e-02,1.611527827632964344e-02
6.999999999999999929e-04,-4.100000000000000346e-03,-8.999999999999999320e-03,1.700000000000000122e-02,5.001550501884956777e-03
6.999999999999999929e-04,-2.500000000000000052e-03,-7.000000000000000146e-03,1.799999999999999864e-02,9.211598171476450755e-03
6.999999999999999929e-04,-8.999999999999999754e-04,-1.000000000000000021e-02,1.400000000000000029e-02,1.573165937167017234e-02
6.999999999999999929e-04,-5.000000000000000104e-04,-6.000000000000000125e-03,1.099999999999999936e-02,1.606384376740389169e-02
6.999999999999999929e-04,-2.000000000000000096e-04,-1.000000000000000021e-02,1.299999999999999940e-02,1.626279545923054598e-02
6.999999999999999929e-04,-1.000000000000000048e-04,-8.999999999999999320e-03,1.899999999999999953e-02,1.637147099191401181e-02
6.999999999999999929e-04,-1.000000000000000048e-04,-8.000000000000000167e-03,1.799999999999999864e-02,1.638678212623423738e-02
6.999999999999999929e-04,-1.000000000000000048e-04,-7.000000000000000146e-03,1.200000000000000025e-02,1.600644202057170673e-02
6.999999999999999929e-04,-1.000000000000000048e-04,-6.000000000000000125e-03,1.200000000000000025e-02,1.600644202057170673e-02
6.999999999999999929e-04,-1.000000000000000048e-04,-6.000000000000000125e-03,1.400000000000000029e-02,1.604000800615455399e-02
8.000000000000000383e-04,-4.799999999999999580e-03,-8.999999999999999320e-03,1.099999999999999936e-02,5.154337616671866504e-03
8.000000000000000383e-04,-5.000000000000000104e-04,-8.000000000000000167e-03,1.899999999999999953e-02,1.622211453844212697e-02
8.000000000000000383e-04,-4.000000000000000192e-04,-4.000000000000000083e-03,1.799999999999999864e-02,1.603022788113792410e-02
8.000000000000000383e-04,-2.000000000000000096e-04,-5.000000000000000104e-03,1.499999999999999944e-02,1.606758901020503491e-02
8.000000000000000383e-04,-1.000000000000000048e-04,-1.000000000000000021e-02,1.099999999999999936e-02,1.572095855563051051e-02
8.000000000000000383e-04,-1.000000000000000048e-04,-5.000000000000000104e-03,1.899999999999999953e-02,1.619782369712734552e-02
8.999999999999999754e-04,-2.899999999999999800e-03,-7.000000000000000146e-03,1.700000000000000122e-02,8.118821039107318102e-03
8.999999999999999754e-04,-1.000000000000000021e-03,-1.000000000000000021e-02,1.200000000000000025e-02,1.480431705896216414e-02
8.999999999999999754e-04,-4.000000000000000192e-04,-1.000000000000000021e-02,1.600000000000000033e-02,1.570510167000028351e-02
8.999999999999999754e-04,-1.000000000000000048e-04,-6.000000000000000125e-03,1.299999999999999940e-02,1.566728134087278998e-02
8.999999999999999754e-04,-1.000000000000000048e-04,-6.000000000000000125e-03,1.499999999999999944e-02,1.567390812090917185e-02
8.999999999999999754e-04,-1.000000000000000048e-04,-6.000000000000000125e-03,1.899999999999999953e-02,1.591832845987788472e-02
8.999999999999999754e-04,-1.000000000000000048e-04,-5.000000000000000104e-03,1.000000000000000021e-02,1.520903121241521001e-02
8.999999999999999754e-04,-1.000000000000000048e-04,-5.000000000000000104e-03,1.400000000000000029e-02,1.560361324783253283e-02
8.999999999999999754e-04,-1.000000000000000048e-04,-5.000000000000000104e-03,1.899999999999999953e-02,1.591832845987788472e-02
8.999999999999999754e-04,-1.000000000000000048e-04,-4.000000000000000083e-03,1.499999999999999944e-02,1.543726223236349497e-02
1.000000000000000021e-03,-1.299999999999999940e-03,-4.000000000000000083e-03,1.099999999999999936e-02,1.233870976631328345e-02
1.000000000000000021e-03,-8.000000000000000383e-04,-7.000000000000000146e-03,1.299999999999999940e-02,1.441308489555119011e-02
1.000000000000000021e-03,-5.000000000000000104e-04,-8.999999999999999320e-03,1.899999999999999953e-02,1.555204889398739861e-02
1.000000000000000021e-03,-4.000000000000000192e-04,-4.000000000000000083e-03,1.400000000000000029e-02,1.469637052134380867e-02
1.000000000000000021e-03,-1.000000000000000048e-04,-8.999999999999999320e-03,1.200000000000000025e-02,1.538732337876584123e-02
1.000000000000000021e-03,-1.000000000000000048e-04,-8.999999999999999320e-03,1.400000000000000029e-02,1.535797780500057323e-02
1.000000000000000021e-03,-1.000000000000000048e-04,-7.000000000000000146e-03,1.400000000000000029e-02,1.495847650567952956e-02
1.000000000000000021e-03,-1.000000000000000048e-04,-7.000000000000000146e-03,1.799999999999999864e-02,1.523550007421759986e-02
1.000000000000000021e-03,-1.000000000000000048e-04,-6.000000000000000125e-03,1.299999999999999940e-02,1.503049325474909229e-02
1.000000000000000021e-03,-1.000000000000000048e-04,-6.000000000000000125e-03,1.400000000000000029e-02,1.495847650567952956e-02
1.000000000000000021e-03,-1.000000000000000048e-04,-6.000000000000000125e-03,1.700000000000000122e-02,1.507544031224224666e-02
1.000000000000000021e-03,-1.000000000000000048e-04,-5.000000000000000104e-03,1.600000000000000033e-02,1.503028410078899313e-02
1.100000000000000066e-03,-2.799999999999999972e-03,-5.000000000000000104e-03,1.799999999999999864e-02,7.562214693371037064e-03
1.100000000000000066e-03,-1.500000000000000031e-03,-8.999999999999999320e-03,1.899999999999999953e-02,1.270919163911091512e-02
1.100000000000000066e-03,-5.000000000000000104e-04,-6.000000000000000125e-03,8.999999999999999320e-03,1.365882294746119559e-02
1.100000000000000066e-03,-1.000000000000000048e-04,-1.000000000000000021e-02,1.700000000000000122e-02,1.486293538084923656e-02
1.100000000000000066e-03,-1.000000000000000048e-04,-1.000000000000000021e-02,1.899999999999999953e-02,1.505835415447871056e-02
1.100000000000000066e-03,-1.000000000000000048e-04,-4.000000000000000083e-03,1.899999999999999953e-02,1.441177748184125848e-02
1.199999999999999895e-03,-4.499999999999999660e-03,-1.000000000000000021e-02,1.099999999999999936e-02,5.088789769570427161e-03
1.199999999999999895e-03,-1.000000000000000048e-04,-8.000000000000000167e-03,1.799999999999999864e-02,1.392766674582409867e-02
1.199999999999999895e-03,-1.000000000000000048e-04,-8.000000000000000167e-03,1.899999999999999953e-02,1.393630416074913454e-02
1.199999999999999895e-03,-1.000000000000000048e-04,-5.000000000000000104e-03,1.400000000000000029e-02,1.367774987834785051e-02
1.299999999999999940e-03,-5.999999999999999474e-04,-1.000000000000000021e-02,1.700000000000000122e-02,1.323746275421601622e-02
1.299999999999999940e-03,-2.999999999999999737e-04,-7.000000000000000146e-03,1.499999999999999944e-02,1.312106725122625696e-02
1.299999999999999940e-03,-1.000000000000000048e-04,-1.000000000000000021e-02,1.200000000000000025e-02,1.344874426789299110e-02
1.299999999999999940e-03,-1.000000000000000048e-04,-8.000000000000000167e-03,1.899999999999999953e-02,1.328413588385853397e-02
1.299999999999999940e-03,-1.000000000000000048e-04,-6.000000000000000125e-03,1.099999999999999936e-02,1.298270635233079832e-02
1.399999999999999986e-03,-3.099999999999999891e-03,-4.000000000000000083e-03,1.600000000000000033e-02,7.115838119434738339e-03
1.399999999999999986e-03,-2.899999999999999800e-03,-1.000000000000000021e-02,8.999999999999999320e-03,7.582761108055371436e-03
1.399999999999999986e-03,-2.099999999999999870e-03,-7.000000000000000146e-03,1.899999999999999953e-02,9.730417499946315135e-03
1.399999999999999986e-03,-8.999999999999999754e-04,-8.999999999999999320e-03,1.000000000000000021e-02,1.212670007456275768e-02
1.399999999999999986e-03,-6.999999999999999929e-04,-7.000000000000000146e-03,1.799999999999999864e-02,1.212538685348832704e-02
1.399999999999999986e-03,-1.000000000000000048e-04,-1.000000000000000021e-02,1.299999999999999940e-02,1.277494814942057265e-02
1.399999999999999986e-03,-1.000000000000000048e-04,-8.000000000000000167e-03,1.099999999999999936e-02,1.229747940136525705e-02
1.399999999999999986e-03,-1.000000000000000048e-04,-4.000000000000000083e-03,1.899999999999999953e-02,1.232075342762587768e-02
1.500000000000000031e-03,-2.000000000000000042e-03,-7.000000000000000146e-03,1.799999999999999864e-02,9.764286300370151120e-03
1.500000000000000031e-03,-1.799999999999999951e-03,-8.999999999999999320e-03,1.799999999999999864e-02,1.049185008969431322e-02
1.500000000000000031e-03,-1.100000000000000066e-03,-5.000000000000000104e-03,6.000000000000000125e-03,9.842046536345202754e-03
1.500000000000000031e-03,-1.000000000000000048e-04,-1.000000000000000021e-02,1.099999999999999936e-02,1.183441573861595229e-02
1.500000000000000031e-03,-1.000000000000000048e-04,-4.000000000000000083e-03,1.499999999999999944e-02,1.120123618833676789e-02
1.600000000000000077e-03,-4.499999999999999660e-03,-5.000000000000000104e-03,8.999999999999999320e-03,5.686951876141891661e-03
1.600000000000000077e-03,-3.299999999999999982e-03,-4.000000000000000083e-03,1.099999999999999936e-02,7.170257787918615962e-03
1.600000000000000077e-03,-8.999999999999999754e-04,-6.000000000000000125e-03,1.499999999999999944e-02,1.077131138134823987e-02
1.600000000000000077e-03,-2.999999999999999737e-04,-6.000000000000000125e-03,1.799999999999999864e-02,1.068339572789891480e-02
1.600000000000000077e-03,-1.000000000000000048e-04,-4.000000000000000083e-03,1.099999999999999936e-02,1.035126744580422420e-02
1.699999999999999905e-03,-4.499999999999999660e-03,-1.000000000000000021e-02,1.600000000000000033e-02,4.207800335100421625e-03
1.699999999999999905e-03,-2.799999999999999972e-03,-6.000000000000000125e-03,1.400000000000000029e-02,7.074134696001281065e-03
1.699999999999999905e-03,-1.500000000000000031e-03,-1.000000000000000021e-02,1.700000000000000122e-02,9.915509729212465886e-03
1.699999999999999905e-03,-1.000000000000000021e-03,-1.000000000000000021e-02,2.000000000000000042e-03,6.197225358155603915e-03
1.699999999999999905e-03,-6.999999999999999929e-04,-7.000000000000000146e-03,1.499999999999999944e-02,1.001913379118704768e-02
1.699999999999999905e-03,-5.999999999999999474e-04,-8.999999999999999320e-03,4.000000000000000083e-03,8.869286526527186965e-03
1.699999999999999905e-03,-1.000000000000000048e-04,-1.000000000000000021e-02,1.499999999999999944e-02,1.041649999756435845e-02
1.699999999999999905e-03,-1.000000000000000048e-04,-1.000000000000000021e-02,1.899999999999999953e-02,1.043324599385933756e-02
1.699999999999999905e-03,-1.000000000000000048e-04,-4.000000000000000083e-03,1.899999999999999953e-02,9.866660824140808736e-03
1.799999999999999951e-03,-5.000000000000000104e-03,-7.000000000000000146e-03,1.600000000000000033e-02,4.333925454985195110e-03
1.799999999999999951e-03,-4.400000000000000265e-03,-6.000000000000000125e-03,1.899999999999999953e-02,4.734955139859877045e-03
1.799999999999999951e-03,-2.099999999999999870e-03,-8.999999999999999320e-03,8.999999999999999320e-03,8.028485964547115925e-03
1.799999999999999951e-03,-1.699999999999999905e-03,-7.000000000000000146e-03,8.999999999999999320e-03,8.148745271980712898e-03
1.799999999999999951e-03,-1.199999999999999895e-03,-1.000000000000000021e-02,1.499999999999999944e-02,9.727024255890680954e-03
1.799999999999999951e-03,-8.999999999999999754e-04,-8.999999999999999320e-03,1.600000000000000033e-02,9.843722714924115630e-03
1.799999999999999951e-03,-1.000000000000000048e-04,-1.000000000000000021e-02,1.400000000000000029e-02,9.690991499487430078e-03
1.799999999999999951e-03,-1.000000000000000048e-04,-4.000000000000000083e-03,1.499999999999999944e-02,9.247651261975721459e-03
1.899999999999999996e-03,-4.400000000000000265e-03,-4.000000000000000083e-03,6.000000000000000125e-03,4.859747553997722895e-03
1.899999999999999996e-03,-4.199999999999999740e-03,-8.999999999999999320e-03,1.700000000000000122e-02,4.648178126133132790e-03
1.899999999999999996e-03,-3.700000000000000164e-03,-7.000000000000000146e-03,8.000000000000000167e-03,4.973796369592268195e-03
1.899999999999999996e-03,-1.399999999999999986e-03,-8.000000000000000167e-03,1.799999999999999864e-02,9.095153445816579751e-03
1.899999999999999996e-03,-2.999999999999999737e-04,-4.000000000000000083e-03,7.000000000000000146e-03,7.565788574130215098e-03
1.899999999999999996e-03,-1.000000000000000048e-04,-1.000000000000000021e-02,1.200000000000000025e-02,9.349028907845649897e-03
1.899999999999999996e-03,-1.000000000000000048e-04,-1.000000000000000021e-02,1.299999999999999940e-02,9.343088916350671819e-03
1.899999999999999996e-03,-1.000000000000000048e-04,-5.000000000000000104e-03,1.000000000000000021e-02,8.823665093756372091e-03
1.899999999999999996e-03,-1.000000000000000048e-04,-4.000000000000000083e-03,1.499999999999999944e-02,8.818633847058160793e-03
1.899999999999999996e-03,-1.000000000000000048e-04,-4.000000000000000083e-03,1.600000000000000033e-02,8.796387914026272334e-03
1.899999999999999996e-03,-1.000000000000000048e-04,-4.000000000000000083e-03,1.899999999999999953e-02,8.794595398636475062e-03
2.000000000000000042e-03,-4.499999999999999660e-03,-8.999999999999999320e-03,1.400000000000000029e-02,4.930844156853108826e-03
2.000000000000000042e-03,-4.300000000000000003e-03,-4.000000000000000083e-03,4.000000000000000083e-03,5.474304668283308181e-03
2.000000000000000042e-03,-3.500000000000000073e-03,-8.999999999999999320e-03,8.999999999999999320e-03,5.164699615506627463e-03
2.000000000000000042e-03,-2.700000000000000143e-03,-4.000000000000000083e-03,2.000000000000000042e-03,4.258713912278214685e-03
2.000000000000000042e-03,-2.299999999999999961e-03,-6.000000000000000125e-03,1.700000000000000122e-02,7.310779764106406509e-03
2.000000000000000042e-03,-1.899999999999999996e-03,-1.000000000000000021e-02,1.499999999999999944e-02,8.645611985394012142e-03
2.000000000000000042e-03,-2.999999999999999737e-04,-8.999999999999999320e-03,1.700000000000000122e-02,8.949745196664131430e-03
2.000000000000000042e-03,-1.000000000000000048e-04,-1.000000000000000021e-02,1.299999999999999940e-02,8.927069375896001108e-03
2.000000000000000042e-03,-1.000000000000000048e-04,-4.000000000000000083e-03,1.899999999999999953e-02,8.554189939148883898e-03
2.099999999999999870e-03,-1.500000000000000031e-03,-1.000000000000000021e-02,7.000000000000000146e-03,7.439375273234054113e-03
2.099999999999999870e-03,-1.199999999999999895e-03,-8.000000000000000167e-03,1.799999999999999864e-02,8.580801546236912353e-03
2.099999999999999870e-03,-1.000000000000000048e-04,-4.000000000000000083e-03,1.200000000000000025e-02,7.375157338215182663e-03
2.200000000000000133e-03,-4.400000000000000265e-03,-8.999999999999999320e-03,2.000000000000000042e-03,4.271700833290398291e-03
2.200000000000000133e-03,-4.199999999999999740e-03,-7.000000000000000146e-03,1.200000000000000025e-02,4.883463812964538783e-03
2.200000000000000133e-03,-3.700000000000000164e-03,-8.000000000000000167e-03,1.099999999999999936e-02,5.199800433655673085e-03
2.200000000000000133e-03,-2.599999999999999881e-03,-1.000000000000000021e-02,1.400000000000000029e-02,6.901898598748773712e-03
2.200000000000000133e-03,-1.899999999999999996e-03,-8.000000000000000167e-03,5.000000000000000104e-03,6.764540125241113797e-03
2.200000000000000133e-03,-1.000000000000000048e-04,-1.000000000000000021e-02,8.999999999999999320e-03,7.436239852723747386e-03
2.299999999999999961e-03,-1.799999999999999951e-03,-5.000000000000000104e-03,1.000000000000000021e-02,6.599580625674226694e-03
2.299999999999999961e-03,-1.000000000000000048e-04,-1.000000000000000021e-02,1.899999999999999953e-02,7.277837086258380321e-03
2.299999999999999961e-03,-1.000000000000000048e-04,-4.000000000000000083e-03,1.600000000000000033e-02,6.867150052883284374e-03
2.399999999999999790e-03,-4.599999999999999922e-03,-1.000000000000000021e-02,7.000000000000000146e-03,4.185114588026421154e-03
2.399999999999999790e-03,-3.099999999999999891e-03,-5.000000000000000104e-03,8.000000000000000167e-03,5.257100520199254126e-03
2.399999999999999790e-03,-2.599999999999999881e-03,-7.000000000000000146e-03,2.000000000000000042e-03,4.145089098490480767e-03
2.399999999999999790e-03,-1.899999999999999996e-03,-4.000000000000000083e-03,2.000000000000000042e-03,3.855353249700142239e-03
2.399999999999999790e-03,-1.600000000000000077e-03,-7.000000000000000146e-03,1.099999999999999936e-02,7.294018987584982745e-03
2.399999999999999790e-03,-1.000000000000000048e-04,-4.000000000000000083e-03,1.000000000000000021e-02,6.586775590284273292e-03
2.399999999999999790e-03,-1.000000000000000048e-04,-4.000000000000000083e-03,1.899999999999999953e-02,6.650667097396808364e-03
2.500000000000000052e-03,-3.500000000000000073e-03,-8.000000000000000167e-03,8.000000000000000167e-03,4.822314175630644864e-03
2.500000000000000052e-03,-2.700000000000000143e-03,-1.000000000000000021e-02,6.000000000000000125e-03,5.397319923784523084e-03
2.500000000000000052e-03,-2.700000000000000143e-03,-8.000000000000000167e-03,1.799999999999999864e-02,5.860680181464293301e-03
2.500000000000000052e-03,-2.000000000000000042e-03,-7.000000000000000146e-03,1.499999999999999944e-02,7.136005040426040939e-03
2.500000000000000052e-03,-1.000000000000000048e-04,-4.000000000000000083e-03,1.200000000000000025e-02,6.353176391842163193e-03
2.599999999999999881e-03,-4.400000000000000265e-03,-8.999999999999999320e-03,1.499999999999999944e-02,4.475660581659613065e-03
2.599999999999999881e-03,-3.700000000000000164e-03,-8.000000000000000167e-03,1.200000000000000025e-02,4.851894160251907055e-03
2.599999999999999881e-03,-1.600000000000000077e-03,-1.000000000000000021e-02,1.400000000000000029e-02,6.604598003048989599e-03
2.599999999999999881e-03,-1.100000000000000066e-03,-7.000000000000000146e-03,1.200000000000000025e-02,6.557044601549975350e-03
2.599999999999999881e-03,-1.100000000000000066e-03,-4.000000000000000083e-03,1.400000000000000029e-02,6.176015728437209834e-03
2.599999999999999881e-03,-1.000000000000000048e-04,-4.000000000000000083e-03,1.899999999999999953e-02,5.797606223548705008e-03
2.700000000000000143e-03,-4.300000000000000003e-03,-6.000000000000000125e-03,1.200000000000000025e-02,4.474756581758929964e-03
2.700000000000000143e-03,-2.099999999999999870e-03,-6.000000000000000125e-03,4.000000000000000083e-03,4.814529994961794929e-03
2.700000000000000143e-03,-1.000000000000000048e-04,-8.999999999999999320e-03,1.299999999999999940e-02,6.128264295578352179e-03
2.799999999999999972e-03,-4.899999999999999842e-03,-1.000000000000000021e-02,1.899999999999999953e-02,3.690059278906889211e-03
2.799999999999999972e-03,-3.500000000000000073e-03,-5.000000000000000104e-03,2.000000000000000042e-03,3.144869766941503150e-03
2.799999999999999972e-03,-2.899999999999999800e-03,-6.000000000000000125e-03,3.000000000000000062e-03,3.747635724809402196e-03
2.799999999999999972e-03,-1.899999999999999996e-03,-1.000000000000000021e-02,2.000000000000000042e-03,3.430806695395542151e-03
2.899999999999999800e-03,-4.799999999999999580e-03,-8.000000000000000167e-03,1.700000000000000122e-02,3.731021879500649122e-03
2.899999999999999800e-03,-3.799999999999999992e-03,-8.999999999999999320e-03,4.000000000000000083e-03,4.148524264709582167e-03
2.899999999999999800e-03,-3.000000000000000062e-03,-5.000000000000000104e-03,1.000000000000000021e-02,5.492725306160365674e-03
2.899999999999999800e-03,-2.599999999999999881e-03,-4.000000000000000083e-03,1.099999999999999936e-02,5.335997925451381636e-03
2.899999999999999800e-03,-1.600000000000000077e-03,-8.000000000000000167e-03,1.600000000000000033e-02,6.309652533364769680e-03
2.899999999999999800e-03,-8.999999999999999754e-04,-7.000000000000000146e-03,4.000000000000000083e-03,4.287081222482189667e-03
2.899999999999999800e-03,-2.999999999999999737e-04,-1.000000000000000021e-02,7.000000000000000146e-03,4.965078882269280576e-03
3.000000000000000062e-03,-4.100000000000000346e-03,-1.000000000000000021e-02,3.000000000000000062e-03,3.351305661079434419e-03
3.000000000000000062e-03,-1.399999999999999986e-03,-1.000000000000000021e-02,1.200000000000000025e-02,5.939996540743204892e-03
3.099999999999999891e-03,-3.299999999999999982e-03,-8.999999999999999320e-03,1.499999999999999944e-02,4.472100769162945695e-03
3.099999999999999891e-03,-2.899999999999999800e-03,-7.000000000000000146e-03,1.700000000000000122e-02,4.902845356773388903e-03
3.099999999999999891e-03,-4.000000000000000192e-04,-7.000000000000000146e-03,1.400000000000000029e-02,5.095443626472129228e-03
3.200000000000000153e-03,-3.000000000000000062e-03,-8.000000000000000167e-03,8.000000000000000167e-03,3.857221185066761482e-03
3.200000000000000153e-03,-1.600000000000000077e-03,-7.000000000000000146e-03,7.000000000000000146e-03,4.422828680753046991e-03
3.200000000000000153e-03,-8.000000000000000383e-04,-1.000000000000000021e-02,1.799999999999999864e-02,5.165089323205315254e-03
3.299999999999999982e-03,-1.199999999999999895e-03,-8.000000000000000167e-03,1.899999999999999953e-02,5.105282875153249397e-03
3.299999999999999982e-03,-1.000000000000000048e-04,-4.000000000000000083e-03,8.000000000000000167e-03,3.626237572258156263e-03
3.399999999999999811e-03,-5.000000000000000104e-03,-7.000000000000000146e-03,1.299999999999999940e-02,3.814669097059884568e-03
3.399999999999999811e-03,-2.399999999999999790e-03,-4.000000000000000083e-03,1.299999999999999940e-02,4.674878163471205689e-03
3.399999999999999811e-03,-2.099999999999999870e-03,-6.000000000000000125e-03,5.000000000000000104e-03,3.507089967057968986e-03
3.399999999999999811e-03,-5.000000000000000104e-04,-6.000000000000000125e-03,1.799999999999999864e-02,4.506594645320554857e-03
3.500000000000000073e-03,-3.200000000000000153e-03,-6.000000000000000125e-03,1.400000000000000029e-02,4.212736763692705340e-03
3.500000000000000073e-03,-2.700000000000000143e-03,-7.000000000000000146e-03,7.000000000000000146e-03,3.732687546321400603e-03
3.500000000000000073e-03,-1.500000000000000031e-03,-8.000000000000000167e-03,6.000000000000000125e-03,3.943190180045163737e-03
3.500000000000000073e-03,-1.199999999999999895e-03,-5.000000000000000104e-03,1.400000000000000029e-02,4.790117794166032401e-03
3.500000000000000073e-03,-1.000000000000000021e-03,-7.000000000000000146e-03,1.600000000000000033e-02,5.278867242947579176e-03
3.500000000000000073e-03,-8.000000000000000383e-04,-8.999999999999999320e-03,1.700000000000000122e-02,5.041233757382213368e-03
3.599999999999999901e-03,-4.100000000000000346e-03,-4.000000000000000083e-03,4.000000000000000083e-03,2.858279218554369509e-03
3.599999999999999901e-03,-4.000000000000000083e-03,-7.000000000000000146e-03,1.600000000000000033e-02,3.108521760584972114e-03
3.599999999999999901e-03,-3.399999999999999811e-03,-4.000000000000000083e-03,1.099999999999999936e-02,3.999089717323489612e-03
3.599999999999999901e-03,-3.299999999999999982e-03,-6.000000000000000125e-03,4.000000000000000083e-03,3.289429411873064698e-03
3.700000000000000164e-03,-4.499999999999999660e-03,-5.000000000000000104e-03,3.000000000000000062e-03,2.184967220175284153e-03
3.700000000000000164e-03,-3.099999999999999891e-03,-7.000000000000000146e-03,1.899999999999999953e-02,3.881417810852816168e-03
3.700000000000000164e-03,-2.899999999999999800e-03,-8.000000000000000167e-03,1.200000000000000025e-02,4.122524850972566525e-03
3.700000000000000164e-03,-1.799999999999999951e-03,-7.000000000000000146e-03,8.999999999999999320e-03,3.879883010840645859e-03
3.700000000000000164e-03,-2.999999999999999737e-04,-8.000000000000000167e-03,1.299999999999999940e-02,4.093455640043945111e-03
3.799999999999999992e-03,-4.499999999999999660e-03,-8.999999999999999320e-03,1.299999999999999940e-02,2.746340533296363559e-03
3.899999999999999821e-03,-4.300000000000000003e-03,-8.999999999999999320e-03,1.499999999999999944e-02,2.824190589328157315e-03
3.899999999999999821e-03,-3.500000000000000073e-03,-1.000000000000000021e-02,1.099999999999999936e-02,3.435377605348871599e-03
3.899999999999999821e-03,-8.000000000000000383e-04,-8.999999999999999320e-03,1.600000000000000033e-02,4.449919289550400246e-03
3.899999999999999821e-03,-2.999999999999999737e-04,-8.999999999999999320e-03,8.000000000000000167e-03,3.564451433887860701e-03
4.000000000000000083e-03,-4.899999999999999842e-03,-4.000000000000000083e-03,3.000000000000000062e-03,1.921069406329432416e-03
4.000000000000000083e-03,-2.700000000000000143e-03,-6.000000000000000125e-03,8.000000000000000167e-03,3.366724362952500278e-03
4.000000000000000083e-03,-2.000000000000000042e-03,-5.000000000000000104e-03,7.000000000000000146e-03,2.831352473018165523e-03
4.000000000000000083e-03,-1.600000000000000077e-03,-7.000000000000000146e-03,1.499999999999999944e-02,4.186879550503604629e-03
4.000000000000000083e-03,-1.000000000000000048e-04,-8.000000000000000167e-03,6.000000000000000125e-03,2.864152819479777890e-03
4.100000000000000346e-03,-3.399999999999999811e-03,-7.000000000000000146e-03,8.999999999999999320e-03,3.376372796719271600e-03
4.100000000000000346e-03,-2.599999999999999881e-03,-8.999999999999999320e-03,1.499999999999999944e-02,3.908421730330550840e-03
4.100000000000000346e-03,-1.299999999999999940e-03,-8.999999999999999320e-03,1.099999999999999936e-02,3.938683308219263594e-03
4.100000000000000346e-03,-5.000000000000000104e-04,-5.000000000000000104e-03,1.799999999999999864e-02,3.976100886009385424e-03
4.199999999999999740e-03,-4.799999999999999580e-03,-4.000000000000000083e-03,1.000000000000000021e-02,2.994022722475910524e-03
4.199999999999999740e-03,-4.199999999999999740e-03,-8.000000000000000167e-03,4.000000000000000083e-03,2.319005261533861259e-03
4.199999999999999740e-03,-1.399999999999999986e-03,-5.000000000000000104e-03,6.000000000000000125e-03,3.025459200182263868e-03
4.199999999999999740e-03,-8.999999999999999754e-04,-4.000000000000000083e-03,7.000000000000000146e-03,2.891299817754455683e-03
4.199999999999999740e-03,-8.000000000000000383e-04,-8.999999999999999320e-03,8.000000000000000167e-03,3.388320614609252601e-03
4.199999999999999740e-03,-5.999999999999999474e-04,-5.000000000000000104e-03,1.400000000000000029e-02,4.101897659148911850e-03
4.199999999999999740e-03,-2.000000000000000096e-04,-1.000000000000000021e-02,4.000000000000000083e-03,2.408112314640934847e-03
4.300000000000000003e-03,-3.799999999999999992e-03,-7.000000000000000146e-03,7.000000000000000146e-03,2.783281115703064180e-03
4.300000000000000003e-03,-1.500000000000000031e-03,-1.000000000000000021e-02,7.000000000000000146e-03,2.775082731371073842e-03
4.400000000000000265e-03,-4.899999999999999842e-03,-4.000000000000000083e-03,2.000000000000000042e-03,1.780709706087378131e-03
4.400000000000000265e-03,-4.499999999999999660e-03,-7.000000000000000146e-03,1.600000000000000033e-02,2.380477652551919385e-03
4.400000000000000265e-03,-3.599999999999999901e-03,-6.000000000000000125e-03,1.200000000000000025e-02,2.898205156445745299e-03
4.400000000000000265e-03,-2.099999999999999870e-03,-5.000000000000000104e-03,3.000000000000000062e-03,2.055889869197232399e-03
4.599999999999999922e-03,-1.500000000000000031e-03,-7.000000000000000146e-03,1.799999999999999864e-02,3.364530647720764735e-03
4.700000000000000185e-03,-4.100000000000000346e-03,-6.000000000000000125e-03,6.000000000000000125e-03,1.984316130416158199e-03
4.700000000000000185e-03,-3.500000000000000073e-03,-8.999999999999999320e-03,2.000000000000000042e-03,1.339247754239047961e-03
4.700000000000000185e-03,-2.500000000000000052e-03,-7.000000000000000146e-03,1.700000000000000122e-02,3.077769363656679587e-03
4.700000000000000185e-03,-2.000000000000000042e-03,-1.000000000000000021e-02,8.999999999999999320e-03,2.606424666742024419e-03
4.700000000000000185e-03,-6.999999999999999929e-04,-4.000000000000000083e-03,3.000000000000000062e-03,1.592641692823763312e-03
4.799999999999999580e-03,-4.899999999999999842e-03,-7.000000000000000146e-03,7.000000000000000146e-03,2.042743195229806789e-03
4.799999999999999580e-03,-3.700000000000000164e-03,-6.000000000000000125e-03,2.000000000000000042e-03,1.318876846440253468e-03
4.899999999999999842e-03,-5.000000000000000104e-03,-1.000000000000000021e-02,2.000000000000000042e-03,1.266589018888456810e-03
4.899999999999999842e-03,-5.000000000000000104e-03,-1.000000000000000021e-02,1.099999999999999936e-02,2.017028651005248110e-03
4.899999999999999842e-03,-5.000000000000000104e-03,-1.000000000000000021e-02,1.899999999999999953e-02,1.735902608468549956e-03
4.899999999999999842e-03,-5.000000000000000104e-03,-4.000000000000000083e-03,8.000000000000000167e-03,2.334552168058016443e-03
4.899999999999999842e-03,-5.000000000000000104e-03,-4.000000000000000083e-03,1.099999999999999936e-02,1.975303293930502635e-03
4.899999999999999842e-03,-5.000000000000000104e-03,-4.000000000000000083e-03,1.299999999999999940e-02,1.763203152107922691e-03
4.899999999999999842e-03,-5.000000000000000104e-03,-4.000000000000000083e-03,1.400000000000000029e-02,1.653363324496783535e-03
4.899999999999999842e-03,-5.000000000000000104e-03,-4.000000000000000083e-03,1.899999999999999953e-02,1.423995532314316923e-03
4.899999999999999842e-03,-4.400000000000000265e-03,-1.000000000000000021e-02,2.000000000000000042e-03,1.266589018888456810e-03
4.899999999999999842e-03,-4.199999999999999740e-03,-7.000000000000000146e-03,7.000000000000000146e-03,1.941201188475581317e-03
4.899999999999999842e-03,-2.000000000000000042e-03,-8.999999999999999320e-03,1.299999999999999940e-02,2.571598528686895070e-03
4.899999999999999842e-03,-1.000000000000000048e-04,-1.000000000000000021e-02,2.000000000000000042e-03,1.266589018888456810e-03
4.899999999999999842e-03,-1.000000000000000048e-04,-1.000000000000000021e-02,7.000000000000000146e-03,1.991188312765675410e-03
4.899999999999999842e-03,-1.000000000000000048e-04,-1.000000000000000021e-02,8.000000000000000167e-03,2.275852439660097475e-03
4.899999999999999842e-03,-1.000000000000000048e-04,-1.000000000000000021e-02,8.999999999999999320e-03,2.323335589234539356e-03
4.899999999999999842e-03,-1.000000000000000048e-04,-1.000000000000000021e-02,1.200000000000000025e-02,2.582130865304085084e-03
4.899999999999999842e-03,-1.000000000000000048e-04,-1.000000000000000021e-02,1.899999999999999953e-02,2.566497991481886225e-03
4.899999999999999842e-03,-1.000000000000000048e-04,-4.000000000000000083e-03,2.000000000000000042e-03,1.175417285852738613e-03
4.899999999999999842e-03,-1.000000000000000048e-04,-4.000000000000000083e-03,1.000000000000000021e-02,2.271575966905969857e-03
4.899999999999999842e-03,-1.000000000000000048e-04,-4.000000000000000083e-03,1.099999999999999936e-02,2.471033954113980614e-03
4.899999999999999842e-03,-1.000000000000000048e-04,-4.000000000000000083e-03,1.200000000000000025e-02,2.497037247804075565e-03
4.899999999999999842e-03,-1.000000000000000048e-04,-4.000000000000000083e-03,1.499999999999999944e-02,2.537939421148742089e-03
4.899999999999999842e-03,-1.000000000000000048e-04,-4.000000000000000083e-03,1.899999999999999953e-02,2.481404373981877139e-03
