2.000000000000000000e+01,1.000000000000000021e-03,5.000000000000000000e+00,0.000000000000000000e+00,4.000000000000000000e+01,2.000000000000000000e+00,2.000000000000000000e+01,9.900000000000000000e+01,2.000000000000000000e+01,2.000000000000000000e+00,0.000000000000000000e+00,1.000000000000000000e+00,1.000000000000000000e+00,1.000000000000000000e+00,0.000000000000000000e+00,2.000000000000000000e+01,0.000000000000000000e+00,4.005043678610855458e-04
2.000000000000000000e+01,1.000000000000000021e-03,8.000000000000000000e+00,1.000000000000000000e+00,3.000000000000000000e+01,1.000000000000000000e+01,1.000000000000000000e+01,9.900000000000000000e+01,2.000000000000000000e+01,2.000000000000000000e+00,1.000000000000000000e+00,0.000000000000000000e+00,1.000000000000000000e+00,1.000000000000000000e+00,0.000000000000000000e+00,3.000000000000000000e+01,0.000000000000000000e+00,4.293572993297303840e-04
2.000000000000000000e+01,2.000000000000000042e-03,2.000000000000000000e+00,0.000000000000000000e+00,4.000000000000000000e+01,5.000000000000000000e+00,3.000000000000000000e+00,9.900000000000000000e+01,2.000000000000000000e+01,0.000000000000000000e+00,0.000000000000000000e+00,1.000000000000000000e+00,1.000000000000000000e+00,1.000000000000000000e+00,-1.044894668091855827e-02,2.000000000000000000e+01,-5.145633611724597777e-04,3.384418278685933203e-04
2.000000000000000000e+01,2.000000000000000042e-03,6.000000000000000000e+00,0.000000000000000000e+00,2.000000000000000000e+01,1.000000000000000000e+01,4.000000000000000000e+01,9.900000000000000000e+01,2.000000000000000000e+01,2.000000000000000000e+00,1.000000000000000000e+00,1.000000000000000000e+00,1.000000000000000000e+00,1.000000000000000000e+00,1.570951091210459616e-02,4.000000000000000000e+01,3.941707243972775165e-04,3.354975980706574276e-04
2.000000000000000000e+01,4.000000000000000083e-03,3.000000000000000000e+00,0.000000000000000000e+00,3.000000000000000000e+01,1.000000000000000000e+01,5.000000000000000000e+00,9.900000000000000000e+01,2.000000000000000000e+01,0.000000000000000000e+00,1.000000000000000000e+00,0.000000000000000000e+00,1.000000000000000000e+00,1.000000000000000000e+00,0.000000000000000000e+00,3.000000000000000000e+01,0.000000000000000000e+00,4.802802697241477774e-04
2.000000000000000000e+01,4.000000000000000083e-03,7.000000000000000000e+00,2.000000000000000000e+00,3.000000000000000000e+01,2.000000000000000000e+00,4.000000000000000000e+01,9.900000000000000000e+01,2.000000000000000000e+01,0.000000000000000000e+00,1.000000000000000000e+00,1.000000000000000000e+00,1.000000000000000000e+00,1.000000000000000000e+00,0.000000000000000000e+00,3.000000000000000000e+01,0.000000000000000000e+00,3.126255358185033592e-04
4.000000000000000000e+01,1.000000000000000021e-03,1.000000000000000000e+00,1.000000000000000000e+00,2.000000000000000000e+01,1.000000000000000000e+01,1.000000000000000000e+00,9.900000000000000000e+01,2.000000000000000000e+01,0.000000000000000000e+00,0.000000000000000000e+00,1.000000000000000000e+00,0.000000000000000000e+00,1.000000000000000000e+00,-4.027770202869929150e-03,4.000000000000000000e+01,-9.623143182168613654e-05,8.019663190242970908e-04
4.000000000000000000e+01,1.000000000000000021e-03,4.000000000000000000e+00,0.000000000000000000e+00,2.000000000000000000e+01,2.000000000000000000e+00,1.000000000000000000e+00,9.900000000000000000e+01,2.000000000000000000e+01,2.000000000000000000e+00,0.000000000000000000e+00,1.000000000000000000e+00,1.000000000000000000e+00,1.000000000000000000e+00,2.614134532855194593e-02,4.000000000000000000e+01,6.637469511639182418e-04,1.141857349588106321e-03
4.000000000000000000e+01,1.000000000000000021e-03,4.000000000000000000e+00,0.000000000000000000e+00,2.000000000000000000e+01,2.000000000000000000e+00,1.000000000000000000e+00,9.900000000000000000e+01,2.000000000000000000e+01,2.000000000000000000e+00,1.000000000000000000e+00,0.000000000000000000e+00,1.000000000000000000e+00,1.000000000000000000e+00,4.088843848190304442e-02,4.000000000000000000e+01,1.027956810994914896e-03,7.165368166007748865e-04
4.000000000000000000e+01,1.000000000000000021e-03,4.000000000000000000e+00,1.000000000000000000e+00,2.000000000000000000e+01,2.000000000000000000e+00,1.000000000000000000e+00,9.900000000000000000e+01,2.000000000000000000e+01,2.000000000000000000e+00,1.000000000000000000e+00,0.000000000000000000e+00,1.000000000000000000e+00,1.000000000000000000e+00,4.088843848190304442e-02,4.000000000000000000e+01,1.027956810994914896e-03,7.165368166007748865e-04
4.000000000000000000e+01,1.000000000000000021e-03,5.000000000000000000e+00,1.000000000000000000e+00,2.000000000000000000e+01,2.000000000000000000e+00,1.000000000000000000e+00,9.900000000000000000e+01,2.000000000000000000e+01,1.000000000000000000e+00,1.000000000000000000e+00,0.000000000000000000e+00,1.000000000000000000e+00,1.000000000000000000e+00,2.846195303862675274e-02,4.000000000000000000e+01,7.044788649591237750e-04,5.803083917837998209e-04
4.000000000000000000e+01,1.000000000000000021e-03,5.000000000000000000e+00,2.000000000000000000e+00,2.000000000000000000e+01,2.000000000000000000e+00,1.000000000000000000e+00,9.900000000000000000e+01,2.000000000000000000e+01,2.000000000000000000e+00,1.000000000000000000e+00,0.000000000000000000e+00,1.000000000000000000e+00,1.000000000000000000e+00,7.409953573166427887e-03,4.000000000000000000e+01,2.028329469781653296e-04,5.619536283597034807e-04
4.000000000000000000e+01,2.000000000000000042e-03,3.000000000000000000e+00,0.000000000000000000e+00,3.000000000000000000e+01,1.000000000000000000e+01,2.000000000000000000e+01,9.900000000000000000e+01,2.000000000000000000e+01,0.000000000000000000e+00,1.000000000000000000e+00,1.000000000000000000e+00,1.000000000000000000e+00,1.000000000000000000e+00,1.220544521612332289e-02,3.000000000000000000e+01,4.115923702338301514e-04,3.207679041724014607e-04
4.000000000000000000e+01,2.000000000000000042e-03,3.000000000000000000e+00,1.000000000000000000e+00,2.000000000000000000e+01,2.000000000000000000e+00,1.000000000000000000e+00,9.900000000000000000e+01,2.000000000000000000e+01,2.000000000000000000e+00,1.000000000000000000e+00,0.000000000000000000e+00,1.000000000000000000e+00,1.000000000000000000e+00,2.013038446455750474e-02,4.000000000000000000e+01,5.276371253540273597e-04,7.181678527527553691e-04
4.000000000000000000e+01,2.000000000000000042e-03,5.000000000000000000e+00,2.000000000000000000e+00,4.000000000000000000e+01,1.000000000000000000e+01,4.000000000000000000e+01,9.900000000000000000e+01,2.000000000000000000e+01,1.000000000000000000e+00,1.000000000000000000e+00,0.000000000000000000e+00,1.000000000000000000e+00,1.000000000000000000e+00,6.482531463500196267e-03,2.000000000000000000e+01,3.280467417557497820e-04,4.728697444384764685e-04
4.000000000000000000e+01,3.000000000000000062e-03,3.000000000000000000e+00,2.000000000000000000e+00,4.000000000000000000e+01,1.000000000000000000e+01,5.000000000000000000e+00,9.900000000000000000e+01,2.000000000000000000e+01,2.000000000000000000e+00,1.000000000000000000e+00,1.000000000000000000e+00,1.000000000000000000e+00,1.000000000000000000e+00,1.157869711693781944e-02,2.000000000000000000e+01,5.772996794930707271e-04,3.901717104937001438e-04
4.000000000000000000e+01,3.000000000000000062e-03,5.000000000000000000e+00,0.000000000000000000e+00,2.000000000000000000e+01,2.000000000000000000e+00,1.000000000000000000e+00,9.900000000000000000e+01,2.000000000000000000e+01,1.000000000000000000e+00,0.000000000000000000e+00,1.000000000000000000e+00,1.000000000000000000e+00,1.000000000000000000e+00,-1.728541971337427263e-03,4.000000000000000000e+01,-4.231042312931865144e-05,3.382448589135560245e-04
4.000000000000000000e+01,3.000000000000000062e-03,6.000000000000000000e+00,2.000000000000000000e+00,3.000000000000000000e+01,2.000000000000000000e+01,5.000000000000000000e+00,9.900000000000000000e+01,2.000000000000000000e+01,1.000000000000000000e+00,0.000000000000000000e+00,1.000000000000000000e+00,1.000000000000000000e+00,1.000000000000000000e+00,0.000000000000000000e+00,2.000000000000000000e+01,0.000000000000000000e+00,4.174205009235179955e-04
4.000000000000000000e+01,4.000000000000000083e-03,4.000000000000000000e+00,0.000000000000000000e+00,2.000000000000000000e+01,1.000000000000000000e+01,1.000000000000000000e+00,9.900000000000000000e+01,2.000000000000000000e+01,1.000000000000000000e+00,1.000000000000000000e+00,1.000000000000000000e+00,0.000000000000000000e+00,1.000000000000000000e+00,1.485930120202927363e-02,4.000000000000000000e+01,3.966470466171989509e-04,6.843967529748196327e-04
4.000000000000000000e+01,4.000000000000000083e-03,4.000000000000000000e+00,1.000000000000000000e+00,2.000000000000000000e+01,2.000000000000000000e+01,1.000000000000000000e+00,9.900000000000000000e+01,2.000000000000000000e+01,2.000000000000000000e+00,1.000000000000000000e+00,0.000000000000000000e+00,1.000000000000000000e+00,1.000000000000000000e+00,3.629766662705913305e-02,4.000000000000000000e+01,9.163018215796264960e-04,4.967737066702085109e-04
6.000000000000000000e+01,1.000000000000000021e-03,1.000000000000000000e+00,0.000000000000000000e+00,3.000000000000000000e+01,1.000000000000000000e+01,5.000000000000000000e+00,9.900000000000000000e+01,2.000000000000000000e+01,2.000000000000000000e+00,0.000000000000000000e+00,0.000000000000000000e+00,1.000000000000000000e+00,1.000000000000000000e+00,1.083736832417381279e-02,3.000000000000000000e+01,3.612456108057937490e-04,5.278685480194323732e-04
6.000000000000000000e+01,1.000000000000000021e-03,2.000000000000000000e+00,0.000000000000000000e+00,2.000000000000000000e+01,1.000000000000000000e+01,1.000000000000000000e+01,9.900000000000000000e+01,2.000000000000000000e+01,1.000000000000000000e+00,0.000000000000000000e+00,0.000000000000000000e+00,1.000000000000000000e+00,1.000000000000000000e+00,-2.521439622658161461e-03,4.000000000000000000e+01,-4.570096149453528871e-05,4.255449816235021862e-04
6.000000000000000000e+01,1.000000000000000021e-03,3.000000000000000000e+00,0.000000000000000000e+00,2.000000000000000000e+01,1.000000000000000000e+01,1.000000000000000000e+01,9.900000000000000000e+01,2.000000000000000000e+01,1.000000000000000000e+00,0.000000000000000000e+00,0.000000000000000000e+00,1.000000000000000000e+00,1.000000000000000000e+00,5.162388173795640078e-02,4.000000000000000000e+01,1.279464342964850652e-03,4.389045615325056046e-04
6.000000000000000000e+01,1.000000000000000021e-03,3.000000000000000000e+00,0.000000000000000000e+00,3.000000000000000000e+01,2.000000000000000000e+01,4.000000000000000000e+01,9.900000000000000000e+01,2.000000000000000000e+01,1.000000000000000000e+00,0.000000000000000000e+00,0.000000000000000000e+00,1.000000000000000000e+00,1.000000000000000000e+00,6.214611443031481386e-03,2.000000000000000000e+01,3.214907269722733002e-04,3.439845382503579452e-04
6.000000000000000000e+01,1.000000000000000021e-03,4.000000000000000000e+00,0.000000000000000000e+00,2.000000000000000000e+01,1.000000000000000000e+01,1.000000000000000000e+01,9.900000000000000000e+01,2.000000000000000000e+01,1.000000000000000000e+00,0.000000000000000000e+00,0.000000000000000000e+00,1.000000000000000000e+00,1.000000000000000000e+00,5.839826951259174947e-02,4.000000000000000000e+01,1.441549152254401013e-03,4.540363374986045855e-04
6.000000000000000000e+01,1.000000000000000021e-03,7.000000000000000000e+00,2.000000000000000000e+00,2.000000000000000000e+01,5.000000000000000000e+00,3.000000000000000000e+00,9.900000000000000000e+01,2.000000000000000000e+01,0.000000000000000000e+00,1.000000000000000000e+00,0.000000000000000000e+00,1.000000000000000000e+00,1.000000000000000000e+00,0.000000000000000000e+00,4.000000000000000000e+01,0.000000000000000000e+00,5.403520357133040786e-04
6.000000000000000000e+01,2.000000000000000042e-03,1.000000000000000000e+00,1.000000000000000000e+00,3.000000000000000000e+01,5.000000000000000000e+00,3.000000000000000000e+01,9.900000000000000000e+01,2.000000000000000000e+01,2.000000000000000000e+00,1.000000000000000000e+00,1.000000000000000000e+00,1.000000000000000000e+00,1.000000000000000000e+00,1.358170008863290867e-02,3.000000000000000000e+01,4.534203778286209348e-04,3.296183741160843583e-04
6.000000000000000000e+01,2.000000000000000042e-03,5.000000000000000000e+00,1.000000000000000000e+00,4.000000000000000000e+01,1.000000000000000000e+01,5.000000000000000000e+00,9.900000000000000000e+01,2.000000000000000000e+01,0.000000000000000000e+00,1.000000000000000000e+00,1.000000000000000000e+00,1.000000000000000000e+00,1.000000000000000000e+00,1.272605179716790325e-02,2.000000000000000000e+01,6.345097693995271687e-04,3.871629261449132872e-04
6.000000000000000000e+01,3.000000000000000062e-03,1.000000000000000000e+00,0.000000000000000000e+00,2.000000000000000000e+01,1.000000000000000000e+01,4.000000000000000000e+01,9.900000000000000000e+01,2.000000000000000000e+01,1.000000000000000000e+00,0.000000000000000000e+00,0.000000000000000000e+00,1.000000000000000000e+00,1.000000000000000000e+00,4.631557760233384613e-03,4.000000000000000000e+01,1.422063176708676657e-04,4.211915810426866344e-04
6.000000000000000000e+01,3.000000000000000062e-03,3.000000000000000000e+00,0.000000000000000000e+00,2.000000000000000000e+01,1.000000000000000000e+01,1.000000000000000000e+01,9.900000000000000000e+01,2.000000000000000000e+01,1.000000000000000000e+00,1.000000000000000000e+00,0.000000000000000000e+00,1.000000000000000000e+00,1.000000000000000000e+00,3.936455397979221615e-02,4.000000000000000000e+01,9.936031704082192405e-04,4.304441010841179513e-04
6.000000000000000000e+01,3.000000000000000062e-03,3.000000000000000000e+00,1.000000000000000000e+00,4.000000000000000000e+01,5.000000000000000000e+00,4.000000000000000000e+01,9.900000000000000000e+01,2.000000000000000000e+01,1.000000000000000000e+00,1.000000000000000000e+00,0.000000000000000000e+00,1.000000000000000000e+00,1.000000000000000000e+00,-1.657032323966523002e-03,2.000000000000000000e+01,-7.344163179827112038e-05,4.345928690158597360e-04
6.000000000000000000e+01,3.000000000000000062e-03,5.000000000000000000e+00,1.000000000000000000e+00,4.000000000000000000e+01,2.000000000000000000e+00,2.000000000000000000e+01,9.900000000000000000e+01,2.000000000000000000e+01,1.000000000000000000e+00,0.000000000000000000e+00,0.000000000000000000e+00,1.000000000000000000e+00,1.000000000000000000e+00,0.000000000000000000e+00,2.000000000000000000e+01,0.000000000000000000e+00,5.013136039577877285e-04
6.000000000000000000e+01,4.000000000000000083e-03,1.000000000000000000e+00,1.000000000000000000e+00,2.000000000000000000e+01,1.000000000000000000e+01,4.000000000000000000e+01,9.900000000000000000e+01,2.000000000000000000e+01,0.000000000000000000e+00,1.000000000000000000e+00,1.000000000000000000e+00,1.000000000000000000e+00,1.000000000000000000e+00,2.331364884461950560e-02,4.000000000000000000e+01,6.060942944913882535e-04,3.042076248644007513e-04
6.000000000000000000e+01,4.000000000000000083e-03,4.000000000000000000e+00,0.000000000000000000e+00,2.000000000000000000e+01,1.000000000000000000e+01,1.000000000000000000e+01,9.900000000000000000e+01,2.000000000000000000e+01,1.000000000000000000e+00,1.000000000000000000e+00,0.000000000000000000e+00,1.000000000000000000e+00,1.000000000000000000e+00,4.443313186281505622e-02,4.000000000000000000e+01,1.110531896372771252e-03,4.492693265399305908e-04
6.000000000000000000e+01,4.000000000000000083e-03,5.000000000000000000e+00,0.000000000000000000e+00,2.000000000000000000e+01,1.000000000000000000e+01,1.000000000000000000e+01,9.900000000000000000e+01,2.000000000000000000e+01,1.000000000000000000e+00,0.000000000000000000e+00,1.000000000000000000e+00,1.000000000000000000e+00,1.000000000000000000e+00,8.568425826023906566e-03,4.000000000000000000e+01,2.360815825470791163e-04,3.640431569798668605e-04
6.000000000000000000e+01,4.000000000000000083e-03,6.000000000000000000e+00,2.000000000000000000e+00,4.000000000000000000e+01,2.000000000000000000e+01,2.000000000000000000e+01,9.900000000000000000e+01,2.000000000000000000e+01,1.000000000000000000e+00,0.000000000000000000e+00,1.000000000000000000e+00,1.000000000000000000e+00,1.000000000000000000e+00,0.000000000000000000e+00,2.000000000000000000e+01,0.000000000000000000e+00,4.085670419077504158e-04
8.000000000000000000e+01,1.000000000000000021e-03,5.000000000000000000e+00,0.000000000000000000e+00,2.000000000000000000e+01,2.000000000000000000e+00,1.000000000000000000e+01,9.900000000000000000e+01,2.000000000000000000e+01,1.000000000000000000e+00,0.000000000000000000e+00,1.000000000000000000e+00,1.000000000000000000e+00,1.000000000000000000e+00,4.018488220310967307e-02,4.000000000000000000e+01,1.005786646365486358e-03,3.756367280699267688e-04
8.000000000000000000e+01,1.000000000000000021e-03,7.000000000000000000e+00,0.000000000000000000e+00,3.000000000000000000e+01,5.000000000000000000e+00,5.000000000000000000e+00,9.900000000000000000e+01,2.000000000000000000e+01,2.000000000000000000e+00,1.000000000000000000e+00,0.000000000000000000e+00,1.000000000000000000e+00,1.000000000000000000e+00,0.000000000000000000e+00,3.000000000000000000e+01,0.000000000000000000e+00,4.760292835304032492e-04
8.000000000000000000e+01,2.000000000000000042e-03,2.000000000000000000e+00,0.000000000000000000e+00,2.000000000000000000e+01,1.000000000000000000e+01,1.000000000000000000e+00,9.900000000000000000e+01,2.000000000000000000e+01,0.000000000000000000e+00,1.000000000000000000e+00,0.000000000000000000e+00,0.000000000000000000e+00,1.000000000000000000e+00,1.439411646134969303e-02,4.000000000000000000e+01,3.664270362929738958e-04,1.040595820384643527e-03
8.000000000000000000e+01,2.000000000000000042e-03,2.000000000000000000e+00,2.000000000000000000e+00,3.000000000000000000e+01,5.000000000000000000e+00,5.000000000000000000e+00,9.900000000000000000e+01,2.000000000000000000e+01,0.000000000000000000e+00,1.000000000000000000e+00,0.000000000000000000e+00,1.000000000000000000e+00,1.000000000000000000e+00,2.958108006739412765e-02,3.000000000000000000e+01,9.776689484818246612e-04,4.814560806674984036e-04
8.000000000000000000e+01,2.000000000000000042e-03,4.000000000000000000e+00,1.000000000000000000e+00,2.000000000000000000e+01,2.000000000000000000e+00,1.000000000000000000e+01,9.900000000000000000e+01,2.000000000000000000e+01,2.000000000000000000e+00,0.000000000000000000e+00,1.000000000000000000e+00,1.000000000000000000e+00,1.000000000000000000e+00,0.000000000000000000e+00,4.000000000000000000e+01,0.000000000000000000e+00,3.337906432474055233e-04
8.000000000000000000e+01,2.000000000000000042e-03,7.000000000000000000e+00,0.000000000000000000e+00,2.000000000000000000e+01,1.000000000000000000e+01,1.000000000000000000e+01,9.900000000000000000e+01,2.000000000000000000e+01,1.000000000000000000e+00,0.000000000000000000e+00,1.000000000000000000e+00,1.000000000000000000e+00,1.000000000000000000e+00,0.000000000000000000e+00,4.000000000000000000e+01,0.000000000000000000e+00,3.401842901380983282e-04
8.000000000000000000e+01,3.000000000000000062e-03,7.000000000000000000e+00,0.000000000000000000e+00,4.000000000000000000e+01,5.000000000000000000e+00,3.000000000000000000e+01,9.900000000000000000e+01,2.000000000000000000e+01,1.000000000000000000e+00,1.000000000000000000e+00,0.000000000000000000e+00,1.000000000000000000e+00,1.000000000000000000e+00,0.000000000000000000e+00,2.000000000000000000e+01,0.000000000000000000e+00,4.842103294092070520e-04
1.000000000000000000e+02,2.000000000000000042e-03,2.000000000000000000e+00,0.000000000000000000e+00,4.000000000000000000e+01,1.000000000000000000e+01,1.000000000000000000e+01,9.900000000000000000e+01,2.000000000000000000e+01,2.000000000000000000e+00,1.000000000000000000e+00,1.000000000000000000e+00,1.000000000000000000e+00,1.000000000000000000e+00,-1.793109993963537541e-03,2.000000000000000000e+01,-7.420106727245024119e-05,3.635444398200991648e-04
1.000000000000000000e+02,2.000000000000000042e-03,4.000000000000000000e+00,1.000000000000000000e+00,3.000000000000000000e+01,2.000000000000000000e+00,1.000000000000000000e+00,9.900000000000000000e+01,2.000000000000000000e+01,1.000000000000000000e+00,0.000000000000000000e+00,0.000000000000000000e+00,1.000000000000000000e+00,1.000000000000000000e+00,2.274717840873075048e-02,3.000000000000000000e+01,7.782646479905526828e-04,4.294166733905213054e-04
1.000000000000000000e+02,2.000000000000000042e-03,5.000000000000000000e+00,0.000000000000000000e+00,3.000000000000000000e+01,2.000000000000000000e+00,1.000000000000000000e+00,9.900000000000000000e+01,2.000000000000000000e+01,2.000000000000000000e+00,0.000000000000000000e+00,1.000000000000000000e+00,1.000000000000000000e+00,1.000000000000000000e+00,-3.630506339731576215e-02,3.000000000000000000e+01,-1.217627076074160632e-03,4.216678932939192225e-04
1.000000000000000000e+02,3.000000000000000062e-03,7.000000000000000000e+00,2.000000000000000000e+00,2.000000000000000000e+01,2.000000000000000000e+00,1.000000000000000000e+00,9.900000000000000000e+01,2.000000000000000000e+01,1.000000000000000000e+00,1.000000000000000000e+00,0.000000000000000000e+00,1.000000000000000000e+00,1.000000000000000000e+00,3.049811020388482063e-03,4.000000000000000000e+01,8.927300338411881518e-05,5.520368667610397843e-04
1.000000000000000000e+02,4.000000000000000083e-03,7.000000000000000000e+00,1.000000000000000000e+00,2.000000000000000000e+01,2.000000000000000000e+00,1.000000000000000000e+00,9.900000000000000000e+01,2.000000000000000000e+01,0.000000000000000000e+00,1.000000000000000000e+00,0.000000000000000000e+00,1.000000000000000000e+00,1.000000000000000000e+00,2.362868499976777947e-02,4.000000000000000000e+01,5.952616028758517036e-04,5.509623944559835030e-04
1.000000000000000000e+02,4.000000000000000083e-03,7.000000000000000000e+00,2.000000000000000000e+00,2.000000000000000000e+01,2.000000000000000000e+00,1.000000000000000000e+00,9.900000000000000000e+01,2.000000000000000000e+01,0.000000000000000000e+00,1.000000000000000000e+00,0.000000000000000000e+00,1.000000000000000000e+00,1.000000000000000000e+00,5.413848479185379148e-02,4.000000000000000000e+01,1.328920415151330124e-03,4.815690741930516014e-04
1.200000000000000000e+02,1.000000000000000021e-03,1.000000000000000000e+00,2.000000000000000000e+00,2.000000000000000000e+01,5.000000000000000000e+00,2.000000000000000000e+01,9.900000000000000000e+01,2.000000000000000000e+01,2.000000000000000000e+00,0.000000000000000000e+00,1.000000000000000000e+00,1.000000000000000000e+00,1.000000000000000000e+00,8.221986383301294055e-03,4.000000000000000000e+01,2.211639528296033275e-04,2.842235007148736494e-04
1.200000000000000000e+02,1.000000000000000021e-03,4.000000000000000000e+00,0.000000000000000000e+00,3.000000000000000000e+01,2.000000000000000000e+01,2.000000000000000000e+01,9.900000000000000000e+01,2.000000000000000000e+01,0.000000000000000000e+00,0.000000000000000000e+00,1.000000000000000000e+00,1.000000000000000000e+00,1.000000000000000000e+00,6.239251957672609095e-03,2.000000000000000000e+01,3.536962745919580817e-04,3.877510126983213252e-04
1.200000000000000000e+02,1.000000000000000021e-03,5.000000000000000000e+00,2.000000000000000000e+00,2.000000000000000000e+01,2.000000000000000000e+01,1.000000000000000000e+00,9.900000000000000000e+01,2.000000000000000000e+01,1.000000000000000000e+00,0.000000000000000000e+00,1.000000000000000000e+00,1.000000000000000000e+00,1.000000000000000000e+00,0.000000000000000000e+00,4.000000000000000000e+01,0.000000000000000000e+00,3.398298543991148143e-04
1.200000000000000000e+02,4.000000000000000083e-03,1.000000000000000000e+00,1.000000000000000000e+00,3.000000000000000000e+01,5.000000000000000000e+00,1.000000000000000000e+01,9.900000000000000000e+01,2.000000000000000000e+01,1.000000000000000000e+00,1.000000000000000000e+00,1.000000000000000000e+00,1.000000000000000000e+00,1.000000000000000000e+00,-9.740275472619797092e-03,3.000000000000000000e+01,-3.054770827347471295e-04,3.251023776171212934e-04
1.200000000000000000e+02,4.000000000000000083e-03,2.000000000000000000e+00,2.000000000000000000e+00,2.000000000000000000e+01,5.000000000000000000e+00,2.000000000000000000e+01,9.900000000000000000e+01,2.000000000000000000e+01,1.000000000000000000e+00,0.000000000000000000e+00,0.000000000000000000e+00,1.000000000000000000e+00,1.000000000000000000e+00,4.185851667679041377e-02,4.000000000000000000e+01,1.054512274113403271e-03,4.322396119663899500e-04
1.200000000000000000e+02,4.000000000000000083e-03,3.000000000000000000e+00,1.000000000000000000e+00,2.000000000000000000e+01,5.000000000000000000e+00,2.000000000000000000e+01,9.900000000000000000e+01,2.000000000000000000e+01,1.000000000000000000e+00,0.000000000000000000e+00,0.000000000000000000e+00,1.000000000000000000e+00,1.000000000000000000e+00,4.923034253583158382e-02,4.000000000000000000e+01,1.226502098372492201e-03,4.398984049217216771e-04
1.200000000000000000e+02,4.000000000000000083e-03,3.000000000000000000e+00,2.000000000000000000e+00,2.000000000000000000e+01,5.000000000000000000e+00,2.000000000000000000e+01,9.900000000000000000e+01,2.000000000000000000e+01,1.000000000000000000e+00,0.000000000000000000e+00,0.000000000000000000e+00,1.000000000000000000e+00,1.000000000000000000e+00,6.784039527878271691e-02,4.000000000000000000e+01,1.668949118714527224e-03,4.379339126961942258e-04
1.400000000000000000e+02,1.000000000000000021e-03,8.000000000000000000e+00,2.000000000000000000e+00,3.000000000000000000e+01,2.000000000000000000e+01,3.000000000000000000e+00,9.900000000000000000e+01,2.000000000000000000e+01,1.000000000000000000e+00,0.000000000000000000e+00,0.000000000000000000e+00,1.000000000000000000e+00,1.000000000000000000e+00,0.000000000000000000e+00,2.000000000000000000e+01,0.000000000000000000e+00,5.077870223598151666e-04
1.400000000000000000e+02,2.000000000000000042e-03,4.000000000000000000e+00,2.000000000000000000e+00,2.000000000000000000e+01,5.000000000000000000e+00,1.000000000000000000e+00,9.900000000000000000e+01,2.000000000000000000e+01,2.000000000000000000e+00,1.000000000000000000e+00,1.000000000000000000e+00,1.000000000000000000e+00,1.000000000000000000e+00,0.000000000000000000e+00,4.000000000000000000e+01,0.000000000000000000e+00,1.608372122367226435e-03
1.400000000000000000e+02,4.000000000000000083e-03,1.000000000000000000e+00,2.000000000000000000e+00,4.000000000000000000e+01,1.000000000000000000e+01,3.000000000000000000e+00,9.900000000000000000e+01,2.000000000000000000e+01,0.000000000000000000e+00,1.000000000000000000e+00,0.000000000000000000e+00,1.000000000000000000e+00,1.000000000000000000e+00,2.971339961563757015e-02,2.000000000000000000e+01,1.502868149845004763e-03,4.103468877314136792e-04
1.400000000000000000e+02,4.000000000000000083e-03,6.000000000000000000e+00,1.000000000000000000e+00,4.000000000000000000e+01,2.000000000000000000e+01,3.000000000000000000e+00,9.900000000000000000e+01,2.000000000000000000e+01,2.000000000000000000e+00,0.000000000000000000e+00,0.000000000000000000e+00,1.000000000000000000e+00,1.000000000000000000e+00,0.000000000000000000e+00,2.000000000000000000e+01,0.000000000000000000e+00,4.896508803576326077e-04
1.400000000000000000e+02,4.000000000000000083e-03,7.000000000000000000e+00,2.000000000000000000e+00,3.000000000000000000e+01,5.000000000000000000e+00,1.000000000000000000e+00,9.900000000000000000e+01,2.000000000000000000e+01,2.000000000000000000e+00,0.000000000000000000e+00,1.000000000000000000e+00,1.000000000000000000e+00,1.000000000000000000e+00,-3.145682833833018943e-02,3.000000000000000000e+01,-1.061588052657480618e-03,3.853351922212897170e-04
