0.000000000000000000e+00,-5.000000000000000104e-03,-1.000000000000000021e-02,2.000000000000000042e-03,4.273328697379541116e-03
0.000000000000000000e+00,-5.000000000000000104e-03,-1.000000000000000021e-02,8.999999999999999320e-03,3.725347062790492370e-03
0.000000000000000000e+00,-5.000000000000000104e-03,-1.000000000000000021e-02,1.899999999999999953e-02,3.231325447340279138e-03
0.000000000000000000e+00,-5.000000000000000104e-03,-6.000000000000000125e-03,1.499999999999999944e-02,3.517253800363336503e-03
0.000000000000000000e+00,-5.000000000000000104e-03,-4.000000000000000083e-03,2.000000000000000042e-03,3.603206360626653830e-03
0.000000000000000000e+00,-5.000000000000000104e-03,-4.000000000000000083e-03,7.000000000000000146e-03,3.496198994843720698e-03
0.000000000000000000e+00,-5.000000000000000104e-03,-4.000000000000000083e-03,1.000000000000000021e-02,2.856394959792838903e-03
0.000000000000000000e+00,-5.000000000000000104e-03,-4.000000000000000083e-03,1.899999999999999953e-02,3.038204029462698852e-03
0.000000000000000000e+00,-2.599999999999999881e-03,-1.000000000000000021e-02,8.000000000000000167e-03,7.281214299729447254e-03
0.000000000000000000e+00,-2.500000000000000052e-03,-4.000000000000000083e-03,6.000000000000000125e-03,6.892141018908517179e-03
0.000000000000000000e+00,-2.200000000000000133e-03,-8.000000000000000167e-03,6.000000000000000125e-03,9.543140044972277941e-03
0.000000000000000000e+00,-2.099999999999999870e-03,-1.000000000000000021e-02,7.000000000000000146e-03,1.006254771117243672e-02
0.000000000000000000e+00,-2.099999999999999870e-03,-8.999999999999999320e-03,5.000000000000000104e-03,9.427914867492536918e-03
0.000000000000000000e+00,-2.000000000000000042e-03,-8.999999999999999320e-03,1.899999999999999953e-02,1.046403407071056987e-02
0.000000000000000000e+00,-1.699999999999999905e-03,-8.999999999999999320e-03,1.899999999999999953e-02,1.169665502976304297e-02
0.000000000000000000e+00,-1.699999999999999905e-03,-4.000000000000000083e-03,1.499999999999999944e-02,1.071750254490250187e-02
0.000000000000000000e+00,-1.600000000000000077e-03,-7.000000000000000146e-03,5.000000000000000104e-03,1.053325305410838901e-02
0.000000000000000000e+00,-1.600000000000000077e-03,-5.000000000000000104e-03,8.999999999999999320e-03,1.146478207183781149e-02
0.000000000000000000e+00,-1.500000000000000031e-03,-1.000000000000000021e-02,1.600000000000000033e-02,1.282863262735732188e-02
0.000000000000000000e+00,-1.399999999999999986e-03,-1.000000000000000021e-02,1.400000000000000029e-02,1.365460996806945257e-02
0.000000000000000000e+00,-1.399999999999999986e-03,-8.000000000000000167e-03,1.000000000000000021e-02,1.302782143109561426e-02
0.000000000000000000e+00,-1.399999999999999986e-03,-7.000000000000000146e-03,1.000000000000000021e-02,1.302782143109561426e-02
0.000000000000000000e+00,-1.399999999999999986e-03,-6.000000000000000125e-03,1.799999999999999864e-02,1.318795007539366043e-02
0.000000000000000000e+00,-1.399999999999999986e-03,-5.000000000000000104e-03,1.600000000000000033e-02,1.311338690068864637e-02
0.000000000000000000e+00,-1.299999999999999940e-03,-8.000000000000000167e-03,1.400000000000000029e-02,1.362977091951888403e-02
0.000000000000000000e+00,-1.299999999999999940e-03,-8.000000000000000167e-03,1.700000000000000122e-02,1.379433913452349572e-02
0.000000000000000000e+00,-1.299999999999999940e-03,-6.000000000000000125e-03,1.899999999999999953e-02,1.366228946971481152e-02
0.000000000000000000e+00,-1.199999999999999895e-03,-1.000000000000000021e-02,8.000000000000000167e-03,1.343252126423740735e-02
0.000000000000000000e+00,-1.199999999999999895e-03,-1.000000000000000021e-02,1.000000000000000021e-02,1.376772365650386076e-02
0.000000000000000000e+00,-1.199999999999999895e-03,-1.000000000000000021e-02,1.200000000000000025e-02,1.424257665201840092e-02
0.000000000000000000e+00,-1.199999999999999895e-03,-8.999999999999999320e-03,1.400000000000000029e-02,1.448399061359680572e-02
0.000000000000000000e+00,-1.199999999999999895e-03,-8.000000000000000167e-03,1.200000000000000025e-02,1.424257665201840092e-02
0.000000000000000000e+00,-1.199999999999999895e-03,-8.000000000000000167e-03,1.499999999999999944e-02,1.422101688918739511e-02
0.000000000000000000e+00,-1.100000000000000066e-03,-1.000000000000000021e-02,1.299999999999999940e-02,1.485614865555245565e-02
0.000000000000000000e+00,-1.100000000000000066e-03,-8.000000000000000167e-03,1.499999999999999944e-02,1.473403456618849888e-02
0.000000000000000000e+00,-1.100000000000000066e-03,-7.000000000000000146e-03,1.400000000000000029e-02,1.463959493897665567e-02
0.000000000000000000e+00,-1.100000000000000066e-03,-4.000000000000000083e-03,1.700000000000000122e-02,1.392147195252050988e-02
0.000000000000000000e+00,-1.000000000000000021e-03,-1.000000000000000021e-02,1.799999999999999864e-02,1.511193993153047560e-02
0.000000000000000000e+00,-1.000000000000000021e-03,-1.000000000000000021e-02,1.899999999999999953e-02,1.519277220193232178e-02
0.000000000000000000e+00,-1.000000000000000021e-03,-5.000000000000000104e-03,8.000000000000000167e-03,1.384761799235874509e-02
0.000000000000000000e+00,-8.999999999999999754e-04,-1.000000000000000021e-02,1.499999999999999944e-02,1.515675975303000696e-02
0.000000000000000000e+00,-8.999999999999999754e-04,-1.000000000000000021e-02,1.799999999999999864e-02,1.523536840471911499e-02
0.000000000000000000e+00,-8.999999999999999754e-04,-8.999999999999999320e-03,1.799999999999999864e-02,1.523536840471911499e-02
0.000000000000000000e+00,-8.000000000000000383e-04,-1.000000000000000021e-02,1.799999999999999864e-02,1.514584062552992369e-02
0.000000000000000000e+00,-8.000000000000000383e-04,-8.999999999999999320e-03,1.899999999999999953e-02,1.514584062552992369e-02
0.000000000000000000e+00,-8.000000000000000383e-04,-6.000000000000000125e-03,1.700000000000000122e-02,1.505589348272412357e-02
0.000000000000000000e+00,-8.000000000000000383e-04,-4.000000000000000083e-03,1.099999999999999936e-02,1.405956186945051499e-02
0.000000000000000000e+00,-6.999999999999999929e-04,-1.000000000000000021e-02,1.899999999999999953e-02,1.520829769666287579e-02
0.000000000000000000e+00,-6.999999999999999929e-04,-8.000000000000000167e-03,8.000000000000000167e-03,1.429917753901217489e-02
0.000000000000000000e+00,-5.999999999999999474e-04,-1.000000000000000021e-02,1.600000000000000033e-02,1.458815517406238278e-02
0.000000000000000000e+00,-5.999999999999999474e-04,-8.000000000000000167e-03,1.799999999999999864e-02,1.483221564048131658e-02
0.000000000000000000e+00,-5.999999999999999474e-04,-7.000000000000000146e-03,1.799999999999999864e-02,1.483221564048131658e-02
0.000000000000000000e+00,-4.000000000000000192e-04,-1.000000000000000021e-02,1.099999999999999936e-02,1.469790417807761117e-02
0.000000000000000000e+00,-4.000000000000000192e-04,-1.000000000000000021e-02,1.400000000000000029e-02,1.503431200972163602e-02
0.000000000000000000e+00,-4.000000000000000192e-04,-1.000000000000000021e-02,1.600000000000000033e-02,1.475962513215430504e-02
0.000000000000000000e+00,-2.999999999999999737e-04,-1.000000000000000021e-02,1.200000000000000025e-02,1.475293993809102117e-02
0.000000000000000000e+00,-2.999999999999999737e-04,-1.000000000000000021e-02,1.499999999999999944e-02,1.470471049291480030e-02
0.000000000000000000e+00,-2.999999999999999737e-04,-1.000000000000000021e-02,1.799999999999999864e-02,1.487802137194850147e-02
0.000000000000000000e+00,-2.999999999999999737e-04,-7.000000000000000146e-03,1.700000000000000122e-02,1.491992648612278788e-02
0.000000000000000000e+00,-2.999999999999999737e-04,-6.000000000000000125e-03,1.099999999999999936e-02,1.449489634819004294e-02
0.000000000000000000e+00,-2.000000000000000096e-04,-8.999999999999999320e-03,1.700000000000000122e-02,1.418125991319075033e-02
0.000000000000000000e+00,-2.000000000000000096e-04,-7.000000000000000146e-03,1.600000000000000033e-02,1.417700841716853892e-02
0.000000000000000000e+00,-1.000000000000000048e-04,-1.000000000000000021e-02,2.000000000000000042e-03,7.272914520402092194e-03
0.000000000000000000e+00,-1.000000000000000048e-04,-1.000000000000000021e-02,5.000000000000000104e-03,1.148307136696615459e-02
0.000000000000000000e+00,-1.000000000000000048e-04,-1.000000000000000021e-02,6.000000000000000125e-03,1.183879202330248397e-02
0.000000000000000000e+00,-1.000000000000000048e-04,-1.000000000000000021e-02,7.000000000000000146e-03,1.222490808629885482e-02
0.000000000000000000e+00,-1.000000000000000048e-04,-1.000000000000000021e-02,1.000000000000000021e-02,1.317380519164374625e-02
0.000000000000000000e+00,-1.000000000000000048e-04,-1.000000000000000021e-02,1.299999999999999940e-02,1.362026703956951100e-02
0.000000000000000000e+00,-1.000000000000000048e-04,-1.000000000000000021e-02,1.700000000000000122e-02,1.359999978628813506e-02
0.000000000000000000e+00,-1.000000000000000048e-04,-1.000000000000000021e-02,1.799999999999999864e-02,1.365872316213262092e-02
0.000000000000000000e+00,-1.000000000000000048e-04,-1.000000000000000021e-02,1.899999999999999953e-02,1.365872316213262092e-02
0.000000000000000000e+00,-1.000000000000000048e-04,-8.999999999999999320e-03,6.000000000000000125e-03,1.192103499923091378e-02
0.000000000000000000e+00,-1.000000000000000048e-04,-8.999999999999999320e-03,8.000000000000000167e-03,1.273079210111398123e-02
0.000000000000000000e+00,-1.000000000000000048e-04,-8.999999999999999320e-03,1.200000000000000025e-02,1.359027375450946699e-02
0.000000000000000000e+00,-1.000000000000000048e-04,-8.999999999999999320e-03,1.400000000000000029e-02,1.378295142238533666e-02
0.000000000000000000e+00,-1.000000000000000048e-04,-8.999999999999999320e-03,1.499999999999999944e-02,1.355691336534810797e-02
0.000000000000000000e+00,-1.000000000000000048e-04,-8.999999999999999320e-03,1.600000000000000033e-02,1.359575498229952453e-02
0.000000000000000000e+00,-1.000000000000000048e-04,-8.000000000000000167e-03,5.000000000000000104e-03,1.130509547210576358e-02
0.000000000000000000e+00,-1.000000000000000048e-04,-8.000000000000000167e-03,6.000000000000000125e-03,1.192103499923091378e-02
0.000000000000000000e+00,-1.000000000000000048e-04,-8.000000000000000167e-03,8.999999999999999320e-03,1.311110618770515782e-02
0.000000000000000000e+00,-1.000000000000000048e-04,-8.000000000000000167e-03,1.000000000000000021e-02,1.325572002554303158e-02
0.000000000000000000e+00,-1.000000000000000048e-04,-8.000000000000000167e-03,1.700000000000000122e-02,1.368209218222182777e-02
0.000000000000000000e+00,-1.000000000000000048e-04,-8.000000000000000167e-03,1.799999999999999864e-02,1.374081555806631362e-02
0.000000000000000000e+00,-1.000000000000000048e-04,-8.000000000000000167e-03,1.899999999999999953e-02,1.374081555806631362e-02
0.000000000000000000e+00,-1.000000000000000048e-04,-7.000000000000000146e-03,2.000000000000000042e-03,7.272914520402092194e-03
0.000000000000000000e+00,-1.000000000000000048e-04,-7.000000000000000146e-03,4.000000000000000083e-03,1.036108776556451429e-02
0.000000000000000000e+00,-1.000000000000000048e-04,-7.000000000000000146e-03,8.999999999999999320e-03,1.311110618770515782e-02
0.000000000000000000e+00,-1.000000000000000048e-04,-7.000000000000000146e-03,1.200000000000000025e-02,1.359027375450946699e-02
0.000000000000000000e+00,-1.000000000000000048e-04,-7.000000000000000146e-03,1.600000000000000033e-02,1.359575498229952453e-02
0.000000000000000000e+00,-1.000000000000000048e-04,-7.000000000000000146e-03,1.899999999999999953e-02,1.374081555806631362e-02
0.000000000000000000e+00,-1.000000000000000048e-04,-6.000000000000000125e-03,5.000000000000000104e-03,1.138723819281055143e-02
0.000000000000000000e+00,-1.000000000000000048e-04,-6.000000000000000125e-03,7.000000000000000146e-03,1.234827255019149694e-02
0.000000000000000000e+00,-1.000000000000000048e-04,-6.000000000000000125e-03,1.000000000000000021e-02,1.329667744249268466e-02
0.000000000000000000e+00,-1.000000000000000048e-04,-6.000000000000000125e-03,1.200000000000000025e-02,1.359027375450946699e-02
0.000000000000000000e+00,-1.000000000000000048e-04,-6.000000000000000125e-03,1.400000000000000029e-02,1.350018297459919074e-02
0.000000000000000000e+00,-1.000000000000000048e-04,-6.000000000000000125e-03,1.499999999999999944e-02,1.359779535231668904e-02
0.000000000000000000e+00,-1.000000000000000048e-04,-6.000000000000000125e-03,1.700000000000000122e-02,1.372313838018868193e-02
0.000000000000000000e+00,-1.000000000000000048e-04,-6.000000000000000125e-03,1.799999999999999864e-02,1.378186175603316778e-02
0.000000000000000000e+00,-1.000000000000000048e-04,-5.000000000000000104e-03,5.000000000000000104e-03,1.138723819281055143e-02
0.000000000000000000e+00,-1.000000000000000048e-04,-5.000000000000000104e-03,1.299999999999999940e-02,1.333749859178336682e-02
0.000000000000000000e+00,-1.000000000000000048e-04,-5.000000000000000104e-03,1.600000000000000033e-02,1.360256864679428891e-02
0.000000000000000000e+00,-1.000000000000000048e-04,-5.000000000000000104e-03,1.899999999999999953e-02,1.378186175603316778e-02
0.000000000000000000e+00,-1.000000000000000048e-04,-4.000000000000000083e-03,2.000000000000000042e-03,7.060392228086445100e-03
0.000000000000000000e+00,-1.000000000000000048e-04,-4.000000000000000083e-03,5.000000000000000104e-03,1.110134225733455833e-02
0.000000000000000000e+00,-1.000000000000000048e-04,-4.000000000000000083e-03,7.000000000000000146e-03,1.199864891986725073e-02
0.000000000000000000e+00,-1.000000000000000048e-04,-4.000000000000000083e-03,8.999999999999999320e-03,1.277679347548283349e-02
0.000000000000000000e+00,-1.000000000000000048e-04,-4.000000000000000083e-03,1.099999999999999936e-02,1.281264809424886332e-02
0.000000000000000000e+00,-1.000000000000000048e-04,-4.000000000000000083e-03,1.200000000000000025e-02,1.286932695391645141e-02
0.000000000000000000e+00,-1.000000000000000048e-04,-4.000000000000000083e-03,1.299999999999999940e-02,1.299631701590514034e-02
0.000000000000000000e+00,-1.000000000000000048e-04,-4.000000000000000083e-03,1.499999999999999944e-02,1.321518376929641837e-02
0.000000000000000000e+00,-1.000000000000000048e-04,-4.000000000000000083e-03,1.799999999999999864e-02,1.335104340654745710e-02
0.000000000000000000e+00,-1.000000000000000048e-04,-4.000000000000000083e-03,1.899999999999999953e-02,1.335104340654745710e-02
1.000000000000000048e-04,-4.400000000000000265e-03,-5.000000000000000104e-03,1.400000000000000029e-02,4.083278917827269129e-03
1.000000000000000048e-04,-3.799999999999999992e-03,-5.000000000000000104e-03,1.899999999999999953e-02,4.747950059913147274e-03
1.000000000000000048e-04,-2.899999999999999800e-03,-6.000000000000000125e-03,8.000000000000000167e-03,6.863562476436750430e-03
1.000000000000000048e-04,-1.100000000000000066e-03,-8.000000000000000167e-03,4.000000000000000083e-03,1.136564505441619959e-02
1.000000000000000048e-04,-8.999999999999999754e-04,-8.999999999999999320e-03,8.999999999999999320e-03,1.452573066845559875e-02
1.000000000000000048e-04,-8.999999999999999754e-04,-8.000000000000000167e-03,1.899999999999999953e-02,1.555236716948057811e-02
1.000000000000000048e-04,-6.999999999999999929e-04,-8.000000000000000167e-03,1.799999999999999864e-02,1.575452015608823711e-02
1.000000000000000048e-04,-5.999999999999999474e-04,-6.000000000000000125e-03,1.200000000000000025e-02,1.520574492786646963e-02
1.000000000000000048e-04,-2.999999999999999737e-04,-7.000000000000000146e-03,1.099999999999999936e-02,1.513892947981683619e-02
1.000000000000000048e-04,-1.000000000000000048e-04,-4.000000000000000083e-03,8.999999999999999320e-03,1.314549859275558272e-02
1.000000000000000048e-04,-1.000000000000000048e-04,-4.000000000000000083e-03,1.499999999999999944e-02,1.366702307742433641e-02
2.000000000000000096e-04,-4.799999999999999580e-03,-1.000000000000000021e-02,8.000000000000000167e-03,4.176026138433789822e-03
2.000000000000000096e-04,-3.399999999999999811e-03,-4.000000000000000083e-03,1.400000000000000029e-02,4.908802319181741237e-03
2.000000000000000096e-04,-1.299999999999999940e-03,-1.000000000000000021e-02,1.099999999999999936e-02,1.419895604818851957e-02
2.000000000000000096e-04,-1.199999999999999895e-03,-5.000000000000000104e-03,1.200000000000000025e-02,1.436851557305077361e-02
2.000000000000000096e-04,-1.000000000000000021e-03,-8.000000000000000167e-03,1.799999999999999864e-02,1.552431536799927549e-02
2.000000000000000096e-04,-1.000000000000000021e-03,-7.000000000000000146e-03,1.600000000000000033e-02,1.532195432778029297e-02
2.000000000000000096e-04,-1.000000000000000021e-03,-5.000000000000000104e-03,1.400000000000000029e-02,1.511115296707820840e-02
2.000000000000000096e-04,-8.999999999999999754e-04,-1.000000000000000021e-02,8.999999999999999320e-03,1.487008592095062642e-02
2.000000000000000096e-04,-8.999999999999999754e-04,-1.000000000000000021e-02,1.299999999999999940e-02,1.575172922048014706e-02
2.000000000000000096e-04,-8.999999999999999754e-04,-8.999999999999999320e-03,1.600000000000000033e-02,1.563253388909160296e-02
2.000000000000000096e-04,-8.000000000000000383e-04,-5.000000000000000104e-03,1.400000000000000029e-02,1.561704876095769759e-02
2.000000000000000096e-04,-8.000000000000000383e-04,-5.000000000000000104e-03,1.700000000000000122e-02,1.577722175766712795e-02
2.000000000000000096e-04,-8.000000000000000383e-04,-4.000000000000000083e-03,1.499999999999999944e-02,1.526258383950379431e-02
2.000000000000000096e-04,-6.999999999999999929e-04,-7.000000000000000146e-03,1.799999999999999864e-02,1.612954020658318235e-02
2.000000000000000096e-04,-5.000000000000000104e-04,-8.000000000000000167e-03,1.099999999999999936e-02,1.553156822650155096e-02
2.000000000000000096e-04,-2.000000000000000096e-04,-5.000000000000000104e-03,1.700000000000000122e-02,1.498614085144224159e-02
2.000000000000000096e-04,-1.000000000000000048e-04,-8.999999999999999320e-03,1.899999999999999953e-02,1.471091374186632786e-02
2.000000000000000096e-04,-1.000000000000000048e-04,-5.000000000000000104e-03,1.099999999999999936e-02,1.456488540914962007e-02
2.999999999999999737e-04,-3.599999999999999901e-03,-5.000000000000000104e-03,3.000000000000000062e-03,5.779919730088417355e-03
2.999999999999999737e-04,-1.199999999999999895e-03,-4.000000000000000083e-03,1.899999999999999953e-02,1.409748299213235863e-02
2.999999999999999737e-04,-1.100000000000000066e-03,-7.000000000000000146e-03,1.799999999999999864e-02,1.512920286521467900e-02
2.999999999999999737e-04,-1.000000000000000021e-03,-8.000000000000000167e-03,1.099999999999999936e-02,1.572877333333664446e-02
2.999999999999999737e-04,-8.999999999999999754e-04,-1.000000000000000021e-02,1.799999999999999864e-02,1.575807411392114374e-02
2.999999999999999737e-04,-8.999999999999999754e-04,-8.999999999999999320e-03,1.200000000000000025e-02,1.589531989645510957e-02
2.999999999999999737e-04,-8.999999999999999754e-04,-8.000000000000000167e-03,1.700000000000000122e-02,1.575917717941451718e-02
2.999999999999999737e-04,-8.999999999999999754e-04,-7.000000000000000146e-03,1.200000000000000025e-02,1.589531989645510957e-02
2.999999999999999737e-04,-8.000000000000000383e-04,-7.000000000000000146e-03,8.999999999999999320e-03,1.524797330364535686e-02
2.999999999999999737e-04,-8.000000000000000383e-04,-7.000000000000000146e-03,1.099999999999999936e-02,1.600449493242032603e-02
2.999999999999999737e-04,-6.999999999999999929e-04,-5.000000000000000104e-03,1.200000000000000025e-02,1.611478137671066430e-02
2.999999999999999737e-04,-6.999999999999999929e-04,-4.000000000000000083e-03,1.400000000000000029e-02,1.548821687453525928e-02
2.999999999999999737e-04,-5.999999999999999474e-04,-7.000000000000000146e-03,1.799999999999999864e-02,1.582988336414174746e-02
2.999999999999999737e-04,-5.000000000000000104e-04,-8.000000000000000167e-03,1.400000000000000029e-02,1.558507639138195441e-02
2.999999999999999737e-04,-5.000000000000000104e-04,-6.000000000000000125e-03,1.899999999999999953e-02,1.574540854837467099e-02
2.999999999999999737e-04,-4.000000000000000192e-04,-1.000000000000000021e-02,1.299999999999999940e-02,1.591862181245446914e-02
2.999999999999999737e-04,-4.000000000000000192e-04,-7.000000000000000146e-03,1.499999999999999944e-02,1.573590736481913013e-02
2.999999999999999737e-04,-1.000000000000000048e-04,-1.000000000000000021e-02,1.400000000000000029e-02,1.502277546673707123e-02
2.999999999999999737e-04,-1.000000000000000048e-04,-7.000000000000000146e-03,8.999999999999999320e-03,1.421332610067114859e-02
2.999999999999999737e-04,-1.000000000000000048e-04,-7.000000000000000146e-03,1.200000000000000025e-02,1.494344070622130420e-02
2.999999999999999737e-04,-1.000000000000000048e-04,-6.000000000000000125e-03,8.000000000000000167e-03,1.387316816167482800e-02
2.999999999999999737e-04,-1.000000000000000048e-04,-5.000000000000000104e-03,8.999999999999999320e-03,1.425436614193919399e-02
2.999999999999999737e-04,-1.000000000000000048e-04,-5.000000000000000104e-03,1.299999999999999940e-02,1.463100877608673224e-02
2.999999999999999737e-04,-1.000000000000000048e-04,-5.000000000000000104e-03,1.700000000000000122e-02,1.492449096039374402e-02
2.999999999999999737e-04,-1.000000000000000048e-04,-4.000000000000000083e-03,1.899999999999999953e-02,1.456669829933542222e-02
4.000000000000000192e-04,-3.099999999999999891e-03,-4.000000000000000083e-03,6.000000000000000125e-03,5.237355602091775704e-03
4.000000000000000192e-04,-2.000000000000000042e-03,-8.999999999999999320e-03,3.000000000000000062e-03,9.091882116949353762e-03
4.000000000000000192e-04,-1.899999999999999996e-03,-8.000000000000000167e-03,3.000000000000000062e-03,9.338675616118443865e-03
4.000000000000000192e-04,-1.500000000000000031e-03,-1.000000000000000021e-02,1.700000000000000122e-02,1.330180175668301337e-02
4.000000000000000192e-04,-1.100000000000000066e-03,-7.000000000000000146e-03,1.700000000000000122e-02,1.491835922514460171e-02
4.000000000000000192e-04,-1.100000000000000066e-03,-6.000000000000000125e-03,8.000000000000000167e-03,1.386881208803477511e-02
4.000000000000000192e-04,-1.000000000000000021e-03,-7.000000000000000146e-03,1.799999999999999864e-02,1.544618303673657086e-02
4.000000000000000192e-04,-1.000000000000000021e-03,-6.000000000000000125e-03,1.499999999999999944e-02,1.504928812352696911e-02
4.000000000000000192e-04,-1.000000000000000021e-03,-5.000000000000000104e-03,1.899999999999999953e-02,1.523258952263775549e-02
4.000000000000000192e-04,-8.999999999999999754e-04,-6.000000000000000125e-03,1.000000000000000021e-02,1.522746265442459675e-02
4.000000000000000192e-04,-8.999999999999999754e-04,-6.000000000000000125e-03,1.700000000000000122e-02,1.535918258023148859e-02
4.000000000000000192e-04,-8.000000000000000383e-04,-1.000000000000000021e-02,1.299999999999999940e-02,1.594521448389497192e-02
4.000000000000000192e-04,-8.000000000000000383e-04,-8.999999999999999320e-03,1.000000000000000021e-02,1.545091813230301155e-02
4.000000000000000192e-04,-8.000000000000000383e-04,-5.000000000000000104e-03,1.299999999999999940e-02,1.543066778109695135e-02
4.000000000000000192e-04,-8.000000000000000383e-04,-4.000000000000000083e-03,1.700000000000000122e-02,1.520113999337072835e-02
4.000000000000000192e-04,-6.999999999999999929e-04,-1.000000000000000021e-02,1.099999999999999936e-02,1.603784271091279745e-02
4.000000000000000192e-04,-6.999999999999999929e-04,-8.999999999999999320e-03,1.299999999999999940e-02,1.604137625918152996e-02
4.000000000000000192e-04,-6.999999999999999929e-04,-7.000000000000000146e-03,1.799999999999999864e-02,1.596066201931556003e-02
4.000000000000000192e-04,-6.999999999999999929e-04,-7.000000000000000146e-03,1.899999999999999953e-02,1.596066201931556003e-02
4.000000000000000192e-04,-6.999999999999999929e-04,-6.000000000000000125e-03,1.600000000000000033e-02,1.570036885891555947e-02
4.000000000000000192e-04,-5.999999999999999474e-04,-1.000000000000000021e-02,1.099999999999999936e-02,1.569985469152561028e-02
4.000000000000000192e-04,-5.000000000000000104e-04,-1.000000000000000021e-02,1.499999999999999944e-02,1.578017618597653965e-02
4.000000000000000192e-04,-5.000000000000000104e-04,-8.999999999999999320e-03,1.200000000000000025e-02,1.599353302290090761e-02
4.000000000000000192e-04,-5.000000000000000104e-04,-8.000000000000000167e-03,1.899999999999999953e-02,1.599396690216835920e-02
4.000000000000000192e-04,-4.000000000000000192e-04,-5.000000000000000104e-03,1.299999999999999940e-02,1.567248475568382149e-02
4.000000000000000192e-04,-1.000000000000000048e-04,-1.000000000000000021e-02,8.999999999999999320e-03,1.428544689826526798e-02
4.000000000000000192e-04,-1.000000000000000048e-04,-1.000000000000000021e-02,1.000000000000000021e-02,1.455766547715385897e-02
4.000000000000000192e-04,-1.000000000000000048e-04,-8.999999999999999320e-03,1.099999999999999936e-02,1.491978653511291143e-02
4.000000000000000192e-04,-1.000000000000000048e-04,-7.000000000000000146e-03,1.299999999999999940e-02,1.460280208040270339e-02
4.000000000000000192e-04,-1.000000000000000048e-04,-6.000000000000000125e-03,1.400000000000000029e-02,1.474572769522542598e-02
4.000000000000000192e-04,-1.000000000000000048e-04,-6.000000000000000125e-03,1.799999999999999864e-02,1.504051527405964039e-02
4.000000000000000192e-04,-1.000000000000000048e-04,-5.000000000000000104e-03,8.000000000000000167e-03,1.396471482440380177e-02
4.000000000000000192e-04,-1.000000000000000048e-04,-5.000000000000000104e-03,1.099999999999999936e-02,1.491978653511291143e-02
5.000000000000000104e-04,-4.599999999999999922e-03,-4.000000000000000083e-03,6.000000000000000125e-03,3.275575895403444720e-03
5.000000000000000104e-04,-4.499999999999999660e-03,-5.000000000000000104e-03,1.400000000000000029e-02,4.044876287140523365e-03
5.000000000000000104e-04,-2.899999999999999800e-03,-7.000000000000000146e-03,1.099999999999999936e-02,6.805121238001613990e-03
5.000000000000000104e-04,-1.899999999999999996e-03,-7.000000000000000146e-03,8.000000000000000167e-03,1.165727927852819833e-02
5.000000000000000104e-04,-1.799999999999999951e-03,-6.000000000000000125e-03,1.099999999999999936e-02,1.177112737860714839e-02
5.000000000000000104e-04,-1.600000000000000077e-03,-4.000000000000000083e-03,1.200000000000000025e-02,1.142894766968760405e-02
5.000000000000000104e-04,-1.100000000000000066e-03,-4.000000000000000083e-03,1.899999999999999953e-02,1.436713300576363331e-02
5.000000000000000104e-04,-1.000000000000000021e-03,-6.000000000000000125e-03,1.400000000000000029e-02,1.499562944082752369e-02
5.000000000000000104e-04,-1.000000000000000021e-03,-4.000000000000000083e-03,5.000000000000000104e-03,1.223585735817958250e-02
5.000000000000000104e-04,-8.999999999999999754e-04,-1.000000000000000021e-02,1.400000000000000029e-02,1.593160901665272716e-02
5.000000000000000104e-04,-8.999999999999999754e-04,-8.999999999999999320e-03,1.600000000000000033e-02,1.567074665499450237e-02
5.000000000000000104e-04,-8.999999999999999754e-04,-8.000000000000000167e-03,1.099999999999999936e-02,1.583705138019884245e-02
5.000000000000000104e-04,-8.999999999999999754e-04,-8.000000000000000167e-03,1.799999999999999864e-02,1.579988299438307361e-02
5.000000000000000104e-04,-8.999999999999999754e-04,-7.000000000000000146e-03,1.200000000000000025e-02,1.578211567154370193e-02
5.000000000000000104e-04,-8.999999999999999754e-04,-4.000000000000000083e-03,1.400000000000000029e-02,1.493577499981141483e-02
5.000000000000000104e-04,-8.000000000000000383e-04,-8.000000000000000167e-03,1.600000000000000033e-02,1.585981118209041363e-02
5.000000000000000104e-04,-8.000000000000000383e-04,-7.000000000000000146e-03,1.000000000000000021e-02,1.552551498121913440e-02
5.000000000000000104e-04,-8.000000000000000383e-04,-7.000000000000000146e-03,1.099999999999999936e-02,1.591627505528640449e-02
5.000000000000000104e-04,-8.000000000000000383e-04,-6.000000000000000125e-03,1.799999999999999864e-02,1.575329835334952563e-02
5.000000000000000104e-04,-8.000000000000000383e-04,-5.000000000000000104e-03,1.600000000000000033e-02,1.566944122394474045e-02
5.000000000000000104e-04,-6.999999999999999929e-04,-1.000000000000000021e-02,1.000000000000000021e-02,1.566211495860315647e-02
5.000000000000000104e-04,-6.999999999999999929e-04,-1.000000000000000021e-02,1.099999999999999936e-02,1.613610826756689196e-02
5.000000000000000104e-04,-6.999999999999999929e-04,-1.000000000000000021e-02,1.299999999999999940e-02,1.621127782170577944e-02
5.000000000000000104e-04,-6.999999999999999929e-04,-8.999999999999999320e-03,1.099999999999999936e-02,1.613610826756689196e-02
5.000000000000000104e-04,-6.999999999999999929e-04,-8.999999999999999320e-03,1.499999999999999944e-02,1.595323594018516200e-02
5.000000000000000104e-04,-6.999999999999999929e-04,-8.999999999999999320e-03,1.799999999999999864e-02,1.600286894987643788e-02
5.000000000000000104e-04,-6.999999999999999929e-04,-8.999999999999999320e-03,1.899999999999999953e-02,1.600286894987643788e-02
5.000000000000000104e-04,-6.999999999999999929e-04,-8.000000000000000167e-03,1.600000000000000033e-02,1.596144877135287354e-02
5.000000000000000104e-04,-6.999999999999999929e-04,-8.000000000000000167e-03,1.700000000000000122e-02,1.604780384990741465e-02
5.000000000000000104e-04,-6.999999999999999929e-04,-8.000000000000000167e-03,1.799999999999999864e-02,1.608496134581012885e-02
5.000000000000000104e-04,-6.999999999999999929e-04,-7.000000000000000146e-03,1.799999999999999864e-02,1.608496134581012885e-02
5.000000000000000104e-04,-6.999999999999999929e-04,-6.000000000000000125e-03,8.999999999999999320e-03,1.541588033111411689e-02
5.000000000000000104e-04,-6.999999999999999929e-04,-6.000000000000000125e-03,1.899999999999999953e-02,1.599345793136715266e-02
5.000000000000000104e-04,-6.999999999999999929e-04,-5.000000000000000104e-03,1.700000000000000122e-02,1.597341163224063471e-02
5.000000000000000104e-04,-5.999999999999999474e-04,-1.000000000000000021e-02,1.299999999999999940e-02,1.601269280659117084e-02
5.000000000000000104e-04,-5.999999999999999474e-04,-1.000000000000000021e-02,1.400000000000000029e-02,1.603040474818655248e-02
5.000000000000000104e-04,-5.999999999999999474e-04,-8.000000000000000167e-03,1.200000000000000025e-02,1.588079465742566962e-02
5.000000000000000104e-04,-5.999999999999999474e-04,-8.000000000000000167e-03,1.299999999999999940e-02,1.564818728701412517e-02
5.000000000000000104e-04,-5.999999999999999474e-04,-7.000000000000000146e-03,1.099999999999999936e-02,1.577789489136637371e-02
5.000000000000000104e-04,-5.999999999999999474e-04,-7.000000000000000146e-03,1.299999999999999940e-02,1.564818728701412517e-02
5.000000000000000104e-04,-5.999999999999999474e-04,-5.000000000000000104e-03,1.200000000000000025e-02,1.575889486869151007e-02
5.000000000000000104e-04,-5.999999999999999474e-04,-5.000000000000000104e-03,1.899999999999999953e-02,1.582672159069871062e-02
5.000000000000000104e-04,-5.999999999999999474e-04,-4.000000000000000083e-03,1.299999999999999940e-02,1.522244772676317921e-02
5.000000000000000104e-04,-5.000000000000000104e-04,-5.000000000000000104e-03,1.600000000000000033e-02,1.584288180011159466e-02
5.000000000000000104e-04,-5.000000000000000104e-04,-5.000000000000000104e-03,1.799999999999999864e-02,1.600678882182846388e-02
5.000000000000000104e-04,-5.000000000000000104e-04,-4.000000000000000083e-03,1.400000000000000029e-02,1.542452979246702882e-02
5.000000000000000104e-04,-4.000000000000000192e-04,-7.000000000000000146e-03,1.400000000000000029e-02,1.585377924414931375e-02
5.000000000000000104e-04,-2.000000000000000096e-04,-5.000000000000000104e-03,1.799999999999999864e-02,1.542791931312155994e-02
5.000000000000000104e-04,-1.000000000000000048e-04,-8.999999999999999320e-03,1.400000000000000029e-02,1.526013112016791871e-02
5.000000000000000104e-04,-1.000000000000000048e-04,-8.999999999999999320e-03,1.799999999999999864e-02,1.513510707091777867e-02
5.000000000000000104e-04,-1.000000000000000048e-04,-4.000000000000000083e-03,1.799999999999999864e-02,1.483112498706151521e-02
5.999999999999999474e-04,-4.899999999999999842e-03,-1.000000000000000021e-02,1.499999999999999944e-02,3.506192748804902188e-03
5.999999999999999474e-04,-1.199999999999999895e-03,-4.000000000000000083e-03,8.999999999999999320e-03,1.405952317024229160e-02
5.999999999999999474e-04,-8.999999999999999754e-04,-1.000000000000000021e-02,1.499999999999999944e-02,1.545847469362305118e-02
5.999999999999999474e-04,-8.999999999999999754e-04,-8.999999999999999320e-03,1.200000000000000025e-02,1.583618460434870964e-02
5.999999999999999474e-04,-8.999999999999999754e-04,-8.000000000000000167e-03,1.899999999999999953e-02,1.570119135754536113e-02
5.999999999999999474e-04,-8.999999999999999754e-04,-7.000000000000000146e-03,1.099999999999999936e-02,1.583971619761291236e-02
5.999999999999999474e-04,-8.999999999999999754e-04,-7.000000000000000146e-03,1.499999999999999944e-02,1.554023866756020986e-02
5.999999999999999474e-04,-8.999999999999999754e-04,-7.000000000000000146e-03,1.700000000000000122e-02,1.565745808441768375e-02
5.999999999999999474e-04,-8.999999999999999754e-04,-6.000000000000000125e-03,1.299999999999999940e-02,1.555437966293776036e-02
5.999999999999999474e-04,-8.999999999999999754e-04,-4.000000000000000083e-03,1.799999999999999864e-02,1.531882386828273615e-02
5.999999999999999474e-04,-8.000000000000000383e-04,-1.000000000000000021e-02,1.299999999999999940e-02,1.602126222025522170e-02
5.999999999999999474e-04,-8.000000000000000383e-04,-8.999999999999999320e-03,1.299999999999999940e-02,1.602126222025522170e-02
5.999999999999999474e-04,-8.000000000000000383e-04,-8.000000000000000167e-03,1.400000000000000029e-02,1.558634520743672029e-02
5.999999999999999474e-04,-8.000000000000000383e-04,-7.000000000000000146e-03,1.700000000000000122e-02,1.578713816120088514e-02
5.999999999999999474e-04,-8.000000000000000383e-04,-6.000000000000000125e-03,1.200000000000000025e-02,1.595890440703810406e-02
5.999999999999999474e-04,-8.000000000000000383e-04,-6.000000000000000125e-03,1.899999999999999953e-02,1.585296204806720469e-02
5.999999999999999474e-04,-8.000000000000000383e-04,-5.000000000000000104e-03,1.200000000000000025e-02,1.595890440703810406e-02
5.999999999999999474e-04,-6.999999999999999929e-04,-1.000000000000000021e-02,1.299999999999999940e-02,1.610167128595356781e-02
5.999999999999999474e-04,-6.999999999999999929e-04,-8.999999999999999320e-03,1.099999999999999936e-02,1.609786224983424455e-02
5.999999999999999474e-04,-6.999999999999999929e-04,-8.999999999999999320e-03,1.200000000000000025e-02,1.607117794888142034e-02
5.999999999999999474e-04,-6.999999999999999929e-04,-8.999999999999999320e-03,1.700000000000000122e-02,1.582227927345020158e-02
5.999999999999999474e-04,-6.999999999999999929e-04,-8.000000000000000167e-03,1.799999999999999864e-02,1.594775100273334439e-02
5.999999999999999474e-04,-6.999999999999999929e-04,-6.000000000000000125e-03,1.299999999999999940e-02,1.577728818270581618e-02
5.999999999999999474e-04,-5.999999999999999474e-04,-1.000000000000000021e-02,1.799999999999999864e-02,1.569123080341756210e-02
5.999999999999999474e-04,-5.999999999999999474e-04,-8.999999999999999320e-03,1.099999999999999936e-02,1.571726332832956360e-02
5.999999999999999474e-04,-5.999999999999999474e-04,-8.999999999999999320e-03,1.299999999999999940e-02,1.589952744053228090e-02
5.999999999999999474e-04,-5.999999999999999474e-04,-8.000000000000000167e-03,1.200000000000000025e-02,1.584307383019284421e-02
5.999999999999999474e-04,-5.999999999999999474e-04,-8.000000000000000167e-03,1.899999999999999953e-02,1.577332319935125654e-02
5.999999999999999474e-04,-5.999999999999999474e-04,-7.000000000000000146e-03,1.299999999999999940e-02,1.551420494106153791e-02
5.999999999999999474e-04,-5.999999999999999474e-04,-7.000000000000000146e-03,1.799999999999999864e-02,1.577332319935125654e-02
5.999999999999999474e-04,-5.000000000000000104e-04,-5.000000000000000104e-03,1.899999999999999953e-02,1.589277262167152621e-02
5.999999999999999474e-04,-4.000000000000000192e-04,-7.000000000000000146e-03,1.200000000000000025e-02,1.595932578364292129e-02
5.999999999999999474e-04,-4.000000000000000192e-04,-6.000000000000000125e-03,1.899999999999999953e-02,1.601553750881519814e-02
5.999999999999999474e-04,-2.999999999999999737e-04,-4.000000000000000083e-03,1.899999999999999953e-02,1.562261618379354525e-02
5.999999999999999474e-04,-2.000000000000000096e-04,-8.000000000000000167e-03,1.200000000000000025e-02,1.546282601207637011e-02
5.999999999999999474e-04,-1.000000000000000048e-04,-1.000000000000000021e-02,1.299999999999999940e-02,1.530288200709661178e-02
5.999999999999999474e-04,-1.000000000000000048e-04,-6.000000000000000125e-03,1.299999999999999940e-02,1.498538502838290577e-02
5.999999999999999474e-04,-1.000000000000000048e-04,-5.000000000000000104e-03,1.400000000000000029e-02,1.498796306174383225e-02
6.999999999999999929e-04,-4.700000000000000185e-03,-5.000000000000000104e-03,1.099999999999999936e-02,4.404337407018560704e-03
6.999999999999999929e-04,-4.499999999999999660e-03,-1.000000000000000021e-02,8.000000000000000167e-03,5.277182709712099039e-03
6.999999999999999929e-04,-4.400000000000000265e-03,-6.000000000000000125e-03,3.000000000000000062e-03,5.682128570592163627e-03
6.999999999999999929e-04,-3.700000000000000164e-03,-4.000000000000000083e-03,1.700000000000000122e-02,4.847925495728108193e-03
6.999999999999999929e-04,-3.500000000000000073e-03,-5.000000000000000104e-03,3.000000000000000062e-03,5.827396557013914472e-03
6.999999999999999929e-04,-2.099999999999999870e-03,-1.000000000000000021e-02,4.000000000000000083e-03,1.014080714249088362e-02
6.999999999999999929e-04,-1.299999999999999940e-03,-4.000000000000000083e-03,8.999999999999999320e-03,1.343163825425931594e-02
6.999999999999999929e-04,-1.000000000000000021e-03,-1.000000000000000021e-02,1.200000000000000025e-02,1.522881315981792875e-02
6.999999999999999929e-04,-1.000000000000000021e-03,-7.000000000000000146e-03,1.600000000000000033e-02,1.496012548331776201e-02
6.999999999999999929e-04,-1.000000000000000021e-03,-5.000000000000000104e-03,8.999999999999999320e-03,1.470733012470338066e-02
6.999999999999999929e-04,-8.999999999999999754e-04,-1.000000000000000021e-02,1.499999999999999944e-02,1.513268145842355805e-02
6.999999999999999929e-04,-8.999999999999999754e-04,-8.000000000000000167e-03,1.299999999999999940e-02,1.516971580663764758e-02
6.999999999999999929e-04,-8.999999999999999754e-04,-8.000000000000000167e-03,1.400000000000000029e-02,1.515122968870289376e-02
6.999999999999999929e-04,-8.999999999999999754e-04,-7.000000000000000146e-03,1.400000000000000029e-02,1.515122968870289376e-02
6.999999999999999929e-04,-8.999999999999999754e-04,-6.000000000000000125e-03,1.600000000000000033e-02,1.533713702280828199e-02
6.999999999999999929e-04,-8.999999999999999754e-04,-5.000000000000000104e-03,1.499999999999999944e-02,1.522125909685548110e-02
6.999999999999999929e-04,-8.000000000000000383e-04,-1.000000000000000021e-02,1.400000000000000029e-02,1.572588044102685503e-02
6.999999999999999929e-04,-8.000000000000000383e-04,-8.999999999999999320e-03,1.299999999999999940e-02,1.575084044440470954e-02
6.999999999999999929e-04,-8.000000000000000383e-04,-7.000000000000000146e-03,8.000000000000000167e-03,1.484893980856378387e-02
6.999999999999999929e-04,-8.000000000000000383e-04,-6.000000000000000125e-03,1.400000000000000029e-02,1.540854266478162114e-02
6.999999999999999929e-04,-6.999999999999999929e-04,-1.000000000000000021e-02,1.200000000000000025e-02,1.590575490010729190e-02
6.999999999999999929e-04,-6.999999999999999929e-04,-1.000000000000000021e-02,1.400000000000000029e-02,1.588467714627506133e-02
6.999999999999999929e-04,-6.999999999999999929e-04,-1.000000000000000021e-02,1.600000000000000033e-02,1.553281096334454235e-02
6.999999999999999929e-04,-6.999999999999999929e-04,-8.999999999999999320e-03,1.400000000000000029e-02,1.588467714627506133e-02
6.999999999999999929e-04,-6.999999999999999929e-04,-8.999999999999999320e-03,1.799999999999999864e-02,1.569384081721614949e-02
6.999999999999999929e-04,-6.999999999999999929e-04,-8.000000000000000167e-03,1.499999999999999944e-02,1.559352682222036809e-02
6.999999999999999929e-04,-6.999999999999999929e-04,-7.000000000000000146e-03,1.899999999999999953e-02,1.577593321314984393e-02
6.999999999999999929e-04,-5.999999999999999474e-04,-1.000000000000000021e-02,1.600000000000000033e-02,1.542730937644598566e-02
6.999999999999999929e-04,-5.999999999999999474e-04,-8.000000000000000167e-03,8.999999999999999320e-03,1.506559870505571642e-02
6.999999999999999929e-04,-5.999999999999999474e-04,-8.000000000000000167e-03,1.700000000000000122e-02,1.559543292192934645e-02
6.999999999999999929e-04,-5.999999999999999474e-04,-5.000000000000000104e-03,1.700000000000000122e-02,1.563647911989619887e-02
6.999999999999999929e-04,-5.999999999999999474e-04,-5.000000000000000104e-03,1.799999999999999864e-02,1.571143264493984545e-02
6.999999999999999929e-04,-5.999999999999999474e-04,-4.000000000000000083e-03,1.600000000000000033e-02,1.512785751730114439e-02
6.999999999999999929e-04,-5.000000000000000104e-04,-1.000000000000000021e-02,1.200000000000000025e-02,1.576758791724230252e-02
6.999999999999999929e-04,-5.000000000000000104e-04,-8.999999999999999320e-03,1.200000000000000025e-02,1.576758791724230252e-02
6.999999999999999929e-04,-5.000000000000000104e-04,-8.000000000000000167e-03,1.600000000000000033e-02,1.556785766151712672e-02
6.999999999999999929e-04,-5.000000000000000104e-04,-7.000000000000000146e-03,1.000000000000000021e-02,1.540610088022663707e-02
6.999999999999999929e-04,-5.000000000000000104e-04,-6.000000000000000125e-03,1.099999999999999936e-02,1.558677342163670466e-02
6.999999999999999929e-04,-5.000000000000000104e-04,-5.000000000000000104e-03,1.700000000000000122e-02,1.569526454839552387e-02
6.999999999999999929e-04,-5.000000000000000104e-04,-4.000000000000000083e-03,1.899999999999999953e-02,1.535536995941402111e-02
6.999999999999999929e-04,-4.000000000000000192e-04,-5.000000000000000104e-03,1.899999999999999953e-02,1.588315094992153939e-02
6.999999999999999929e-04,-2.999999999999999737e-04,-7.000000000000000146e-03,1.099999999999999936e-02,1.572797942236993374e-02
6.999999999999999929e-04,-1.000000000000000048e-04,-8.999999999999999320e-03,1.899999999999999953e-02,1.502726287900513213e-02
6.999999999999999929e-04,-1.000000000000000048e-04,-8.000000000000000167e-03,1.499999999999999944e-02,1.498049829936276556e-02
6.999999999999999929e-04,-1.000000000000000048e-04,-7.000000000000000146e-03,1.700000000000000122e-02,1.502811313947589184e-02
6.999999999999999929e-04,-1.000000000000000048e-04,-6.000000000000000125e-03,1.299999999999999940e-02,1.484529044836335049e-02
6.999999999999999929e-04,-1.000000000000000048e-04,-6.000000000000000125e-03,1.600000000000000033e-02,1.498262438124483946e-02
6.999999999999999929e-04,-1.000000000000000048e-04,-5.000000000000000104e-03,1.899999999999999953e-02,1.515040147290567900e-02
6.999999999999999929e-04,-1.000000000000000048e-04,-4.000000000000000083e-03,1.099999999999999936e-02,1.435650760320506154e-02
8.000000000000000383e-04,-1.500000000000000031e-03,-8.000000000000000167e-03,8.999999999999999320e-03,1.296978637992147847e-02
8.000000000000000383e-04,-1.000000000000000021e-03,-6.000000000000000125e-03,1.499999999999999944e-02,1.470344255815372696e-02
8.000000000000000383e-04,-1.000000000000000021e-03,-5.000000000000000104e-03,1.499999999999999944e-02,1.466937423567991026e-02
8.000000000000000383e-04,-1.000000000000000021e-03,-4.000000000000000083e-03,1.499999999999999944e-02,1.429988883364413828e-02
8.000000000000000383e-04,-8.000000000000000383e-04,-1.000000000000000021e-02,1.099999999999999936e-02,1.542176056413996008e-02
8.000000000000000383e-04,-8.000000000000000383e-04,-7.000000000000000146e-03,1.000000000000000021e-02,1.513938292915320734e-02
8.000000000000000383e-04,-8.000000000000000383e-04,-6.000000000000000125e-03,8.999999999999999320e-03,1.496886316674509755e-02
8.000000000000000383e-04,-8.000000000000000383e-04,-5.000000000000000104e-03,1.099999999999999936e-02,1.542176056413996008e-02
8.000000000000000383e-04,-8.000000000000000383e-04,-5.000000000000000104e-03,1.200000000000000025e-02,1.552612206891518243e-02
8.000000000000000383e-04,-8.000000000000000383e-04,-5.000000000000000104e-03,1.799999999999999864e-02,1.540151125602788433e-02
8.000000000000000383e-04,-8.000000000000000383e-04,-4.000000000000000083e-03,1.899999999999999953e-02,1.500517867383093125e-02
8.000000000000000383e-04,-6.999999999999999929e-04,-1.000000000000000021e-02,1.899999999999999953e-02,1.547557300941771255e-02
8.000000000000000383e-04,-6.999999999999999929e-04,-8.999999999999999320e-03,7.000000000000000146e-03,1.463776303734024530e-02
8.000000000000000383e-04,-6.999999999999999929e-04,-8.999999999999999320e-03,8.999999999999999320e-03,1.508350901833552769e-02
8.000000000000000383e-04,-6.999999999999999929e-04,-8.999999999999999320e-03,1.499999999999999944e-02,1.538152594783633552e-02
8.000000000000000383e-04,-6.999999999999999929e-04,-8.999999999999999320e-03,1.600000000000000033e-02,1.540260881657199744e-02
8.000000000000000383e-04,-6.999999999999999929e-04,-8.000000000000000167e-03,1.200000000000000025e-02,1.569339220293540157e-02
8.000000000000000383e-04,-6.999999999999999929e-04,-7.000000000000000146e-03,1.200000000000000025e-02,1.569339220293540157e-02
8.000000000000000383e-04,-6.999999999999999929e-04,-7.000000000000000146e-03,1.499999999999999944e-02,1.538152594783633552e-02
8.000000000000000383e-04,-6.999999999999999929e-04,-6.000000000000000125e-03,1.799999999999999864e-02,1.559871160331826115e-02
8.000000000000000383e-04,-6.999999999999999929e-04,-5.000000000000000104e-03,1.000000000000000021e-02,1.546651625696296266e-02
8.000000000000000383e-04,-6.999999999999999929e-04,-5.000000000000000104e-03,1.700000000000000122e-02,1.553001681108304340e-02
8.000000000000000383e-04,-5.999999999999999474e-04,-1.000000000000000021e-02,1.099999999999999936e-02,1.557448499858300403e-02
8.000000000000000383e-04,-5.999999999999999474e-04,-8.000000000000000167e-03,1.099999999999999936e-02,1.557448499858300403e-02
8.000000000000000383e-04,-5.999999999999999474e-04,-6.000000000000000125e-03,1.200000000000000025e-02,1.573132436170649254e-02
8.000000000000000383e-04,-5.000000000000000104e-04,-8.000000000000000167e-03,1.099999999999999936e-02,1.559022217607262777e-02
8.000000000000000383e-04,-5.000000000000000104e-04,-7.000000000000000146e-03,1.200000000000000025e-02,1.573993269823608168e-02
8.000000000000000383e-04,-5.000000000000000104e-04,-7.000000000000000146e-03,1.299999999999999940e-02,1.541542112539766654e-02
8.000000000000000383e-04,-5.000000000000000104e-04,-7.000000000000000146e-03,1.600000000000000033e-02,1.554060664543295729e-02
8.000000000000000383e-04,-5.000000000000000104e-04,-5.000000000000000104e-03,1.000000000000000021e-02,1.545125923149701271e-02
8.000000000000000383e-04,-4.000000000000000192e-04,-8.999999999999999320e-03,1.099999999999999936e-02,1.568951309682366929e-02
8.000000000000000383e-04,-4.000000000000000192e-04,-8.000000000000000167e-03,1.099999999999999936e-02,1.568951309682366929e-02
8.000000000000000383e-04,-4.000000000000000192e-04,-6.000000000000000125e-03,1.299999999999999940e-02,1.560935406857338892e-02
8.000000000000000383e-04,-2.999999999999999737e-04,-1.000000000000000021e-02,1.099999999999999936e-02,1.577560735237693718e-02
8.000000000000000383e-04,-2.999999999999999737e-04,-7.000000000000000146e-03,8.999999999999999320e-03,1.529529568032776503e-02
8.000000000000000383e-04,-2.999999999999999737e-04,-7.000000000000000146e-03,1.099999999999999936e-02,1.577560735237693718e-02
8.000000000000000383e-04,-1.000000000000000048e-04,-1.000000000000000021e-02,1.299999999999999940e-02,1.521214905317419888e-02
8.000000000000000383e-04,-1.000000000000000048e-04,-1.000000000000000021e-02,1.700000000000000122e-02,1.498273736863704048e-02
8.000000000000000383e-04,-1.000000000000000048e-04,-8.999999999999999320e-03,1.000000000000000021e-02,1.482576289520243923e-02
8.000000000000000383e-04,-1.000000000000000048e-04,-8.000000000000000167e-03,7.000000000000000146e-03,1.421906067771665054e-02
8.000000000000000383e-04,-1.000000000000000048e-04,-8.000000000000000167e-03,8.000000000000000167e-03,1.449155913049760686e-02
8.000000000000000383e-04,-1.000000000000000048e-04,-8.000000000000000167e-03,1.000000000000000021e-02,1.490767772910172456e-02
8.000000000000000383e-04,-1.000000000000000048e-04,-8.000000000000000167e-03,1.400000000000000029e-02,1.483642531944362464e-02
8.000000000000000383e-04,-1.000000000000000048e-04,-7.000000000000000146e-03,1.899999999999999953e-02,1.513977160953194900e-02
8.000000000000000383e-04,-1.000000000000000048e-04,-6.000000000000000125e-03,1.200000000000000025e-02,1.522743004940246142e-02
8.000000000000000383e-04,-1.000000000000000048e-04,-6.000000000000000125e-03,1.700000000000000122e-02,1.510587596253758907e-02
8.000000000000000383e-04,-1.000000000000000048e-04,-5.000000000000000104e-03,1.200000000000000025e-02,1.522743004940246142e-02
8.999999999999999754e-04,-4.599999999999999922e-03,-5.000000000000000104e-03,1.099999999999999936e-02,4.985219627194083930e-03
8.999999999999999754e-04,-1.500000000000000031e-03,-8.999999999999999320e-03,1.799999999999999864e-02,1.298140569894393019e-02
8.999999999999999754e-04,-1.100000000000000066e-03,-1.000000000000000021e-02,1.299999999999999940e-02,1.474925530352373323e-02
8.999999999999999754e-04,-1.000000000000000021e-03,-1.000000000000000021e-02,1.299999999999999940e-02,1.515806884061537269e-02
8.999999999999999754e-04,-8.999999999999999754e-04,-8.999999999999999320e-03,8.000000000000000167e-03,1.484469549744195892e-02
8.999999999999999754e-04,-8.999999999999999754e-04,-7.000000000000000146e-03,1.899999999999999953e-02,1.524901407502698286e-02
8.999999999999999754e-04,-8.000000000000000383e-04,-7.000000000000000146e-03,1.200000000000000025e-02,1.552700576024950221e-02
8.999999999999999754e-04,-8.000000000000000383e-04,-6.000000000000000125e-03,1.600000000000000033e-02,1.533824474939148377e-02
8.999999999999999754e-04,-8.000000000000000383e-04,-6.000000000000000125e-03,1.700000000000000122e-02,1.538657610842491738e-02
8.999999999999999754e-04,-8.000000000000000383e-04,-5.000000000000000104e-03,1.400000000000000029e-02,1.522643027066207175e-02
8.999999999999999754e-04,-6.999999999999999929e-04,-7.000000000000000146e-03,1.600000000000000033e-02,1.542770293363408644e-02
8.999999999999999754e-04,-5.999999999999999474e-04,-8.999999999999999320e-03,1.200000000000000025e-02,1.576599958872167487e-02
8.999999999999999754e-04,-5.999999999999999474e-04,-7.000000000000000146e-03,1.200000000000000025e-02,1.576599958872167487e-02
8.999999999999999754e-04,-5.999999999999999474e-04,-5.000000000000000104e-03,1.099999999999999936e-02,1.573955705929312374e-02
8.999999999999999754e-04,-5.999999999999999474e-04,-4.000000000000000083e-03,1.600000000000000033e-02,1.517749352755247937e-02
8.999999999999999754e-04,-5.000000000000000104e-04,-8.999999999999999320e-03,1.600000000000000033e-02,1.557345703126569204e-02
8.999999999999999754e-04,-5.000000000000000104e-04,-7.000000000000000146e-03,1.200000000000000025e-02,1.578327581230865029e-02
8.999999999999999754e-04,-4.000000000000000192e-04,-6.000000000000000125e-03,8.999999999999999320e-03,1.528873676432841028e-02
8.999999999999999754e-04,-4.000000000000000192e-04,-6.000000000000000125e-03,1.200000000000000025e-02,1.589308623716314053e-02
8.999999999999999754e-04,-2.000000000000000096e-04,-6.000000000000000125e-03,8.000000000000000167e-03,1.512662121466147765e-02
8.999999999999999754e-04,-1.000000000000000048e-04,-1.000000000000000021e-02,8.000000000000000167e-03,1.478693155306873806e-02
8.999999999999999754e-04,-1.000000000000000048e-04,-1.000000000000000021e-02,1.000000000000000021e-02,1.497352828354473440e-02
8.999999999999999754e-04,-1.000000000000000048e-04,-8.999999999999999320e-03,1.799999999999999864e-02,1.525205900490291845e-02
8.999999999999999754e-04,-1.000000000000000048e-04,-8.999999999999999320e-03,1.899999999999999953e-02,1.525205900490291845e-02
8.999999999999999754e-04,-1.000000000000000048e-04,-6.000000000000000125e-03,1.700000000000000122e-02,1.530025575384225123e-02
8.999999999999999754e-04,-1.000000000000000048e-04,-4.000000000000000083e-03,8.000000000000000167e-03,1.454224984951094438e-02
8.999999999999999754e-04,-1.000000000000000048e-04,-4.000000000000000083e-03,1.299999999999999940e-02,1.478834146640024653e-02
8.999999999999999754e-04,-1.000000000000000048e-04,-4.000000000000000083e-03,1.700000000000000122e-02,1.491012963999285498e-02
1.000000000000000021e-03,-5.000000000000000104e-03,-8.999999999999999320e-03,6.000000000000000125e-03,6.464839504271515172e-03
1.000000000000000021e-03,-2.700000000000000143e-03,-4.000000000000000083e-03,1.700000000000000122e-02,7.454706623636758733e-03
1.000000000000000021e-03,-1.100000000000000066e-03,-5.000000000000000104e-03,1.899999999999999953e-02,1.440945026921704696e-02
1.000000000000000021e-03,-8.999999999999999754e-04,-1.000000000000000021e-02,8.999999999999999320e-03,1.467061635255484733e-02
1.000000000000000021e-03,-8.999999999999999754e-04,-4.000000000000000083e-03,1.799999999999999864e-02,1.470582219689105068e-02
1.000000000000000021e-03,-8.000000000000000383e-04,-8.999999999999999320e-03,1.000000000000000021e-02,1.476219694516869331e-02
1.000000000000000021e-03,-8.000000000000000383e-04,-5.000000000000000104e-03,1.400000000000000029e-02,1.493448555778264034e-02
1.000000000000000021e-03,-6.999999999999999929e-04,-8.999999999999999320e-03,1.400000000000000029e-02,1.537518659968975694e-02
1.000000000000000021e-03,-6.999999999999999929e-04,-7.000000000000000146e-03,1.099999999999999936e-02,1.539388891522792263e-02
1.000000000000000021e-03,-6.999999999999999929e-04,-5.000000000000000104e-03,1.899999999999999953e-02,1.530878075846831346e-02
1.000000000000000021e-03,-5.000000000000000104e-04,-6.000000000000000125e-03,1.600000000000000033e-02,1.544747392563522795e-02
1.000000000000000021e-03,-2.999999999999999737e-04,-8.000000000000000167e-03,8.000000000000000167e-03,1.511161455389976177e-02
1.000000000000000021e-03,-2.999999999999999737e-04,-5.000000000000000104e-03,8.999999999999999320e-03,1.526942007116154770e-02
1.000000000000000021e-03,-2.000000000000000096e-04,-6.000000000000000125e-03,1.799999999999999864e-02,1.548350212218727560e-02
1.000000000000000021e-03,-2.000000000000000096e-04,-5.000000000000000104e-03,1.000000000000000021e-02,1.517884857976056941e-02
1.000000000000000021e-03,-1.000000000000000048e-04,-1.000000000000000021e-02,1.000000000000000021e-02,1.478238984129982142e-02
1.000000000000000021e-03,-1.000000000000000048e-04,-1.000000000000000021e-02,1.700000000000000122e-02,1.503775330763900894e-02
1.000000000000000021e-03,-1.000000000000000048e-04,-1.000000000000000021e-02,1.799999999999999864e-02,1.502537080097096807e-02
1.000000000000000021e-03,-1.000000000000000048e-04,-8.999999999999999320e-03,8.999999999999999320e-03,1.469257945199466640e-02
1.000000000000000021e-03,-1.000000000000000048e-04,-8.999999999999999320e-03,1.499999999999999944e-02,1.500401059879489553e-02
1.000000000000000021e-03,-1.000000000000000048e-04,-8.000000000000000167e-03,1.899999999999999953e-02,1.510746319690466251e-02
1.000000000000000021e-03,-1.000000000000000048e-04,-6.000000000000000125e-03,1.099999999999999936e-02,1.516384333153555745e-02
1.000000000000000021e-03,-1.000000000000000048e-04,-5.000000000000000104e-03,1.200000000000000025e-02,1.519927431660209223e-02
1.000000000000000021e-03,-1.000000000000000048e-04,-5.000000000000000104e-03,1.700000000000000122e-02,1.516089190153955581e-02
1.000000000000000021e-03,-1.000000000000000048e-04,-4.000000000000000083e-03,1.799999999999999864e-02,1.477424749419926735e-02
1.100000000000000066e-03,-4.499999999999999660e-03,-1.000000000000000021e-02,5.000000000000000104e-03,6.252424457863405526e-03
1.100000000000000066e-03,-2.799999999999999972e-03,-6.000000000000000125e-03,1.299999999999999940e-02,7.689381004144810704e-03
1.100000000000000066e-03,-2.700000000000000143e-03,-8.000000000000000167e-03,1.499999999999999944e-02,7.673995201006718510e-03
1.100000000000000066e-03,-2.299999999999999961e-03,-5.000000000000000104e-03,3.000000000000000062e-03,9.052077460690604108e-03
1.100000000000000066e-03,-1.000000000000000021e-03,-5.000000000000000104e-03,8.000000000000000167e-03,1.420681136310257379e-02
1.100000000000000066e-03,-8.000000000000000383e-04,-6.000000000000000125e-03,1.700000000000000122e-02,1.496548694373156518e-02
1.100000000000000066e-03,-5.999999999999999474e-04,-5.000000000000000104e-03,8.000000000000000167e-03,1.470434750779979309e-02
1.100000000000000066e-03,-5.999999999999999474e-04,-4.000000000000000083e-03,1.899999999999999953e-02,1.496450258114556849e-02
1.100000000000000066e-03,-4.000000000000000192e-04,-7.000000000000000146e-03,8.999999999999999320e-03,1.497797937146165895e-02
1.100000000000000066e-03,-2.000000000000000096e-04,-1.000000000000000021e-02,1.099999999999999936e-02,1.526324979728200387e-02
1.100000000000000066e-03,-1.000000000000000048e-04,-1.000000000000000021e-02,1.499999999999999944e-02,1.472102035108360275e-02
1.100000000000000066e-03,-1.000000000000000048e-04,-8.000000000000000167e-03,1.299999999999999940e-02,1.463108518408583886e-02
1.100000000000000066e-03,-1.000000000000000048e-04,-7.000000000000000146e-03,1.600000000000000033e-02,1.475121002677287629e-02
1.100000000000000066e-03,-1.000000000000000048e-04,-7.000000000000000146e-03,1.799999999999999864e-02,1.488136420714702979e-02
1.100000000000000066e-03,-1.000000000000000048e-04,-6.000000000000000125e-03,1.000000000000000021e-02,1.472691181400610436e-02
1.100000000000000066e-03,-1.000000000000000048e-04,-4.000000000000000083e-03,1.499999999999999944e-02,1.445969869069316238e-02
1.100000000000000066e-03,-1.000000000000000048e-04,-4.000000000000000083e-03,1.899999999999999953e-02,1.456772950299852973e-02
1.199999999999999895e-03,-3.000000000000000062e-03,-8.999999999999999320e-03,6.000000000000000125e-03,7.939158971544606896e-03
1.199999999999999895e-03,-1.799999999999999951e-03,-8.999999999999999320e-03,1.099999999999999936e-02,1.162096702855101166e-02
1.199999999999999895e-03,-1.799999999999999951e-03,-4.000000000000000083e-03,1.299999999999999940e-02,1.097425632457875097e-02
1.199999999999999895e-03,-1.500000000000000031e-03,-8.999999999999999320e-03,1.099999999999999936e-02,1.273710664549882431e-02
1.199999999999999895e-03,-1.299999999999999940e-03,-4.000000000000000083e-03,1.000000000000000021e-02,1.279314810771315335e-02
1.199999999999999895e-03,-8.000000000000000383e-04,-7.000000000000000146e-03,1.799999999999999864e-02,1.432779082971461469e-02
1.199999999999999895e-03,-6.999999999999999929e-04,-4.000000000000000083e-03,1.099999999999999936e-02,1.398848358357767004e-02
1.199999999999999895e-03,-2.999999999999999737e-04,-6.000000000000000125e-03,8.000000000000000167e-03,1.450436743183819779e-02
1.199999999999999895e-03,-2.999999999999999737e-04,-6.000000000000000125e-03,1.499999999999999944e-02,1.496529805245725396e-02
1.199999999999999895e-03,-1.000000000000000048e-04,-1.000000000000000021e-02,1.200000000000000025e-02,1.479856689847808271e-02
1.199999999999999895e-03,-1.000000000000000048e-04,-1.000000000000000021e-02,1.299999999999999940e-02,1.479876255979467245e-02
1.199999999999999895e-03,-1.000000000000000048e-04,-1.000000000000000021e-02,1.499999999999999944e-02,1.451470799165270956e-02
1.199999999999999895e-03,-1.000000000000000048e-04,-8.000000000000000167e-03,1.600000000000000033e-02,1.454495632413715933e-02
1.199999999999999895e-03,-1.000000000000000048e-04,-7.000000000000000146e-03,1.000000000000000021e-02,1.450544790674412193e-02
1.199999999999999895e-03,-1.000000000000000048e-04,-7.000000000000000146e-03,1.400000000000000029e-02,1.442997334935349797e-02
1.199999999999999895e-03,-1.000000000000000048e-04,-6.000000000000000125e-03,8.999999999999999320e-03,1.439191649126382241e-02
1.199999999999999895e-03,-1.000000000000000048e-04,-6.000000000000000125e-03,1.899999999999999953e-02,1.472872645304645900e-02
1.199999999999999895e-03,-1.000000000000000048e-04,-5.000000000000000104e-03,1.600000000000000033e-02,1.455176998863192371e-02
1.199999999999999895e-03,-1.000000000000000048e-04,-4.000000000000000083e-03,8.999999999999999320e-03,1.408877350162622208e-02
1.199999999999999895e-03,-1.000000000000000048e-04,-4.000000000000000083e-03,1.000000000000000021e-02,1.421386599336898170e-02
1.199999999999999895e-03,-1.000000000000000048e-04,-4.000000000000000083e-03,1.899999999999999953e-02,1.441568450388394651e-02
1.299999999999999940e-03,-2.200000000000000133e-03,-6.000000000000000125e-03,1.799999999999999864e-02,9.921490994065047114e-03
1.299999999999999940e-03,-1.500000000000000031e-03,-8.999999999999999320e-03,1.499999999999999944e-02,1.191900249046392267e-02
1.299999999999999940e-03,-1.100000000000000066e-03,-1.000000000000000021e-02,1.499999999999999944e-02,1.278527367353758833e-02
1.299999999999999940e-03,-1.000000000000000021e-03,-8.000000000000000167e-03,7.000000000000000146e-03,1.295372884056863842e-02
1.299999999999999940e-03,-1.000000000000000048e-04,-1.000000000000000021e-02,1.700000000000000122e-02,1.397099192571027784e-02
1.299999999999999940e-03,-1.000000000000000048e-04,-7.000000000000000146e-03,1.200000000000000025e-02,1.412715663580343603e-02
1.299999999999999940e-03,-1.000000000000000048e-04,-6.000000000000000125e-03,8.000000000000000167e-03,1.359803274273880050e-02
1.299999999999999940e-03,-1.000000000000000048e-04,-5.000000000000000104e-03,8.000000000000000167e-03,1.356376483610195402e-02
1.399999999999999986e-03,-2.000000000000000042e-03,-8.000000000000000167e-03,1.099999999999999936e-02,1.050827334838247418e-02
1.399999999999999986e-03,-1.799999999999999951e-03,-8.000000000000000167e-03,1.700000000000000122e-02,1.058713484457399732e-02
1.399999999999999986e-03,-1.000000000000000048e-04,-1.000000000000000021e-02,8.000000000000000167e-03,1.305257146162249783e-02
1.399999999999999986e-03,-1.000000000000000048e-04,-1.000000000000000021e-02,1.000000000000000021e-02,1.332833406848560331e-02
1.399999999999999986e-03,-1.000000000000000048e-04,-7.000000000000000146e-03,5.000000000000000104e-03,1.178278120415534973e-02
1.399999999999999986e-03,-1.000000000000000048e-04,-7.000000000000000146e-03,8.000000000000000167e-03,1.313481443755092765e-02
1.399999999999999986e-03,-1.000000000000000048e-04,-6.000000000000000125e-03,1.499999999999999944e-02,1.355982807530088825e-02
1.500000000000000031e-03,-1.899999999999999996e-03,-6.000000000000000125e-03,2.000000000000000042e-03,7.994691759112524526e-03
1.500000000000000031e-03,-1.000000000000000048e-04,-1.000000000000000021e-02,1.899999999999999953e-02,1.282984561682973430e-02
1.500000000000000031e-03,-1.000000000000000048e-04,-6.000000000000000125e-03,1.099999999999999936e-02,1.300811940977657580e-02
1.500000000000000031e-03,-1.000000000000000048e-04,-5.000000000000000104e-03,1.299999999999999940e-02,1.271009414334786126e-02
1.500000000000000031e-03,-1.000000000000000048e-04,-4.000000000000000083e-03,8.000000000000000167e-03,1.220016696017577930e-02
1.500000000000000031e-03,-1.000000000000000048e-04,-4.000000000000000083e-03,1.200000000000000025e-02,1.239511207818430258e-02
1.600000000000000077e-03,-4.100000000000000346e-03,-1.000000000000000021e-02,1.499999999999999944e-02,5.248399851554306182e-03
1.600000000000000077e-03,-4.100000000000000346e-03,-6.000000000000000125e-03,1.200000000000000025e-02,5.709589299700501552e-03
1.600000000000000077e-03,-3.599999999999999901e-03,-5.000000000000000104e-03,1.299999999999999940e-02,5.905835531511646232e-03
1.600000000000000077e-03,-1.699999999999999905e-03,-1.000000000000000021e-02,1.600000000000000033e-02,1.019615426552948449e-02
1.600000000000000077e-03,-1.500000000000000031e-03,-7.000000000000000146e-03,8.999999999999999320e-03,1.106458643155049451e-02
1.600000000000000077e-03,-1.000000000000000048e-04,-1.000000000000000021e-02,6.000000000000000125e-03,1.162590008478023816e-02
1.600000000000000077e-03,-1.000000000000000048e-04,-4.000000000000000083e-03,7.000000000000000146e-03,1.172884181872519034e-02
1.600000000000000077e-03,-1.000000000000000048e-04,-4.000000000000000083e-03,1.400000000000000029e-02,1.206902182724780073e-02
1.699999999999999905e-03,-6.999999999999999929e-04,-5.000000000000000104e-03,1.899999999999999953e-02,1.173892331585471051e-02
1.699999999999999905e-03,-2.000000000000000096e-04,-5.000000000000000104e-03,3.000000000000000062e-03,9.192747365513146904e-03
1.699999999999999905e-03,-1.000000000000000048e-04,-4.000000000000000083e-03,1.899999999999999953e-02,1.146492612835451480e-02
1.799999999999999951e-03,-5.000000000000000104e-03,-8.000000000000000167e-03,1.600000000000000033e-02,4.490197477304271219e-03
1.799999999999999951e-03,-2.899999999999999800e-03,-7.000000000000000146e-03,4.000000000000000083e-03,7.911312110177318863e-03
1.799999999999999951e-03,-2.399999999999999790e-03,-1.000000000000000021e-02,1.700000000000000122e-02,7.871823631774327312e-03
1.799999999999999951e-03,-1.000000000000000048e-04,-1.000000000000000021e-02,1.600000000000000033e-02,1.107752656627217398e-02
1.899999999999999996e-03,-4.799999999999999580e-03,-8.999999999999999320e-03,1.499999999999999944e-02,4.368223748771989795e-03
1.899999999999999996e-03,-1.299999999999999940e-03,-6.000000000000000125e-03,1.799999999999999864e-02,9.778865208034458884e-03
1.899999999999999996e-03,-5.000000000000000104e-04,-4.000000000000000083e-03,1.600000000000000033e-02,1.035911117488701530e-02
1.899999999999999996e-03,-1.000000000000000048e-04,-1.000000000000000021e-02,6.000000000000000125e-03,9.759729277961723057e-03
1.899999999999999996e-03,-1.000000000000000048e-04,-1.000000000000000021e-02,7.000000000000000146e-03,9.995946576815514101e-03
1.899999999999999996e-03,-1.000000000000000048e-04,-1.000000000000000021e-02,1.899999999999999953e-02,1.037901028732554111e-02
2.000000000000000042e-03,-4.300000000000000003e-03,-1.000000000000000021e-02,6.000000000000000125e-03,6.166726956759369625e-03
2.000000000000000042e-03,-3.099999999999999891e-03,-8.999999999999999320e-03,1.600000000000000033e-02,5.734673996045375546e-03
2.000000000000000042e-03,-2.799999999999999972e-03,-1.000000000000000021e-02,1.000000000000000021e-02,6.141485465326799141e-03
2.000000000000000042e-03,-2.200000000000000133e-03,-4.000000000000000083e-03,1.400000000000000029e-02,7.604587358195489220e-03
2.000000000000000042e-03,-2.999999999999999737e-04,-8.000000000000000167e-03,1.799999999999999864e-02,9.883524388998405838e-03
2.099999999999999870e-03,-2.599999999999999881e-03,-4.000000000000000083e-03,8.000000000000000167e-03,6.624160252212903804e-03
2.099999999999999870e-03,-1.000000000000000048e-04,-1.000000000000000021e-02,8.000000000000000167e-03,9.014173993383601396e-03
2.099999999999999870e-03,-1.000000000000000048e-04,-7.000000000000000146e-03,1.899999999999999953e-02,9.161443218363622340e-03
2.200000000000000133e-03,-4.599999999999999922e-03,-6.000000000000000125e-03,1.600000000000000033e-02,4.442876208951830781e-03
2.200000000000000133e-03,-3.500000000000000073e-03,-7.000000000000000146e-03,1.600000000000000033e-02,5.535421967208871592e-03
2.200000000000000133e-03,-1.000000000000000048e-04,-4.000000000000000083e-03,1.299999999999999940e-02,8.252113306290798436e-03
2.299999999999999961e-03,-4.599999999999999922e-03,-6.000000000000000125e-03,1.899999999999999953e-02,4.335985529795405129e-03
2.299999999999999961e-03,-4.199999999999999740e-03,-8.000000000000000167e-03,7.000000000000000146e-03,5.667206426107619828e-03
2.299999999999999961e-03,-3.399999999999999811e-03,-1.000000000000000021e-02,1.600000000000000033e-02,5.388130222604762404e-03
2.299999999999999961e-03,-3.399999999999999811e-03,-4.000000000000000083e-03,8.000000000000000167e-03,5.966728953117313508e-03
2.299999999999999961e-03,-2.099999999999999870e-03,-5.000000000000000104e-03,1.000000000000000021e-02,6.994626377260878235e-03
2.299999999999999961e-03,-1.299999999999999940e-03,-8.000000000000000167e-03,7.000000000000000146e-03,7.732630640521398827e-03
2.399999999999999790e-03,-3.000000000000000062e-03,-4.000000000000000083e-03,1.600000000000000033e-02,4.925383237194721521e-03
2.500000000000000052e-03,-4.899999999999999842e-03,-7.000000000000000146e-03,1.000000000000000021e-02,4.495392813016855192e-03
2.500000000000000052e-03,-3.700000000000000164e-03,-7.000000000000000146e-03,8.999999999999999320e-03,4.949041879506571248e-03
2.599999999999999881e-03,-4.700000000000000185e-03,-6.000000000000000125e-03,1.099999999999999936e-02,3.999577418040787570e-03
2.599999999999999881e-03,-3.500000000000000073e-03,-8.000000000000000167e-03,8.999999999999999320e-03,4.962426373773670685e-03
2.599999999999999881e-03,-1.000000000000000048e-04,-7.000000000000000146e-03,1.200000000000000025e-02,6.473036806217287963e-03
2.700000000000000143e-03,-4.100000000000000346e-03,-8.999999999999999320e-03,7.000000000000000146e-03,4.545674156492452225e-03
2.700000000000000143e-03,-3.399999999999999811e-03,-5.000000000000000104e-03,1.299999999999999940e-02,3.887728231593895554e-03
2.799999999999999972e-03,-4.899999999999999842e-03,-8.999999999999999320e-03,8.000000000000000167e-03,3.985973709845529005e-03
2.899999999999999800e-03,-4.000000000000000083e-03,-8.000000000000000167e-03,1.400000000000000029e-02,2.959307827218057071e-03
3.000000000000000062e-03,-4.000000000000000083e-03,-8.000000000000000167e-03,1.600000000000000033e-02,3.201772774108073080e-03
3.000000000000000062e-03,-2.599999999999999881e-03,-8.000000000000000167e-03,1.299999999999999940e-02,3.235378316508608076e-03
3.000000000000000062e-03,-2.000000000000000042e-03,-8.000000000000000167e-03,1.299999999999999940e-02,3.269609449016019822e-03
3.000000000000000062e-03,-1.600000000000000077e-03,-8.999999999999999320e-03,1.799999999999999864e-02,3.816913392649219899e-03
3.000000000000000062e-03,-1.399999999999999986e-03,-8.000000000000000167e-03,1.400000000000000029e-02,3.554279168766101820e-03
3.000000000000000062e-03,-1.299999999999999940e-03,-5.000000000000000104e-03,6.000000000000000125e-03,3.456017224320392153e-03
3.099999999999999891e-03,-4.899999999999999842e-03,-6.000000000000000125e-03,5.000000000000000104e-03,2.560112578705185139e-03
3.099999999999999891e-03,-4.499999999999999660e-03,-1.000000000000000021e-02,1.400000000000000029e-02,2.574606714008500011e-03
3.099999999999999891e-03,-4.400000000000000265e-03,-5.000000000000000104e-03,1.499999999999999944e-02,2.737928733821757849e-03
3.099999999999999891e-03,-3.599999999999999901e-03,-8.999999999999999320e-03,8.000000000000000167e-03,3.165801438137498276e-03
3.200000000000000153e-03,-1.100000000000000066e-03,-4.000000000000000083e-03,1.099999999999999936e-02,3.131012118168456215e-03
3.200000000000000153e-03,-6.999999999999999929e-04,-6.000000000000000125e-03,6.000000000000000125e-03,2.973236321092823965e-03
3.200000000000000153e-03,-4.000000000000000192e-04,-1.000000000000000021e-02,1.299999999999999940e-02,3.282590278783466525e-03
3.299999999999999982e-03,-4.400000000000000265e-03,-1.000000000000000021e-02,1.200000000000000025e-02,2.658816537264596571e-03
3.299999999999999982e-03,-2.399999999999999790e-03,-6.000000000000000125e-03,1.899999999999999953e-02,2.937179767752399681e-03
3.399999999999999811e-03,-3.700000000000000164e-03,-5.000000000000000104e-03,1.099999999999999936e-02,2.499281340140986889e-03
3.399999999999999811e-03,-2.599999999999999881e-03,-8.999999999999999320e-03,1.600000000000000033e-02,2.949468285188168882e-03
3.399999999999999811e-03,-8.999999999999999754e-04,-4.000000000000000083e-03,6.000000000000000125e-03,2.631570418423849131e-03
3.500000000000000073e-03,-2.099999999999999870e-03,-7.000000000000000146e-03,1.700000000000000122e-02,2.952008435611907979e-03
3.500000000000000073e-03,-1.399999999999999986e-03,-8.999999999999999320e-03,2.000000000000000042e-03,1.999707677420340616e-03
3.700000000000000164e-03,-3.500000000000000073e-03,-5.000000000000000104e-03,1.600000000000000033e-02,2.850011137251458847e-03
3.700000000000000164e-03,-2.599999999999999881e-03,-7.000000000000000146e-03,4.000000000000000083e-03,2.287287535462053430e-03
3.700000000000000164e-03,-2.299999999999999961e-03,-8.999999999999999320e-03,8.000000000000000167e-03,2.290564417371661679e-03
3.700000000000000164e-03,-2.000000000000000042e-03,-4.000000000000000083e-03,6.000000000000000125e-03,2.121578028009636976e-03
3.700000000000000164e-03,-2.000000000000000096e-04,-6.000000000000000125e-03,1.799999999999999864e-02,2.650967008886547481e-03
3.799999999999999992e-03,-5.000000000000000104e-03,-4.000000000000000083e-03,1.000000000000000021e-02,1.718462150686210065e-03
3.799999999999999992e-03,-2.000000000000000096e-04,-5.000000000000000104e-03,3.000000000000000062e-03,2.012548421662548482e-03
3.899999999999999821e-03,-4.499999999999999660e-03,-7.000000000000000146e-03,8.999999999999999320e-03,1.938736906518784232e-03
3.899999999999999821e-03,-1.899999999999999996e-03,-6.000000000000000125e-03,8.000000000000000167e-03,2.055829437729339657e-03
3.899999999999999821e-03,-1.500000000000000031e-03,-5.000000000000000104e-03,5.000000000000000104e-03,1.829999983974265687e-03
3.899999999999999821e-03,-6.999999999999999929e-04,-4.000000000000000083e-03,1.799999999999999864e-02,2.266404629187309099e-03
3.899999999999999821e-03,-4.000000000000000192e-04,-7.000000000000000146e-03,1.899999999999999953e-02,2.187690141617348871e-03
4.000000000000000083e-03,-4.899999999999999842e-03,-4.000000000000000083e-03,1.799999999999999864e-02,2.130295257272056021e-03
4.000000000000000083e-03,-4.000000000000000083e-03,-1.000000000000000021e-02,1.700000000000000122e-02,2.201057700962055948e-03
4.000000000000000083e-03,-2.299999999999999961e-03,-5.000000000000000104e-03,1.200000000000000025e-02,2.135516578149617220e-03
4.199999999999999740e-03,-3.899999999999999821e-03,-1.000000000000000021e-02,1.899999999999999953e-02,1.742558818962980285e-03
4.199999999999999740e-03,-3.500000000000000073e-03,-1.000000000000000021e-02,1.000000000000000021e-02,1.432451725985435997e-03
4.199999999999999740e-03,-2.599999999999999881e-03,-7.000000000000000146e-03,1.200000000000000025e-02,1.921604158947709529e-03
4.199999999999999740e-03,-2.200000000000000133e-03,-8.999999999999999320e-03,4.000000000000000083e-03,1.430003834949348596e-03
4.199999999999999740e-03,-1.399999999999999986e-03,-1.000000000000000021e-02,1.099999999999999936e-02,1.614509957878958743e-03
4.300000000000000003e-03,-3.399999999999999811e-03,-6.000000000000000125e-03,8.000000000000000167e-03,1.424806105618795860e-03
4.300000000000000003e-03,-3.200000000000000153e-03,-4.000000000000000083e-03,1.700000000000000122e-02,1.841248296204700497e-03
4.300000000000000003e-03,-2.799999999999999972e-03,-4.000000000000000083e-03,1.600000000000000033e-02,1.753382903431173999e-03
4.300000000000000003e-03,-2.599999999999999881e-03,-8.000000000000000167e-03,1.099999999999999936e-02,1.684182320240549570e-03
4.300000000000000003e-03,-2.099999999999999870e-03,-8.000000000000000167e-03,2.000000000000000042e-03,1.150216692910595783e-03
4.400000000000000265e-03,-4.400000000000000265e-03,-8.000000000000000167e-03,8.000000000000000167e-03,1.245164882403948514e-03
4.400000000000000265e-03,-4.100000000000000346e-03,-8.999999999999999320e-03,7.000000000000000146e-03,1.212066717408940121e-03
4.400000000000000265e-03,-2.700000000000000143e-03,-7.000000000000000146e-03,1.700000000000000122e-02,1.495603301932080329e-03
4.499999999999999660e-03,-2.200000000000000133e-03,-8.000000000000000167e-03,8.000000000000000167e-03,1.218934095936023308e-03
4.499999999999999660e-03,-4.000000000000000192e-04,-8.999999999999999320e-03,4.000000000000000083e-03,1.168720923550407419e-03
4.599999999999999922e-03,-3.099999999999999891e-03,-8.000000000000000167e-03,1.000000000000000021e-02,1.209279762450606510e-03
4.599999999999999922e-03,-6.999999999999999929e-04,-6.000000000000000125e-03,1.700000000000000122e-02,1.336435139039534193e-03
4.700000000000000185e-03,-5.000000000000000104e-03,-4.000000000000000083e-03,6.000000000000000125e-03,1.033929708991114136e-03
4.700000000000000185e-03,-4.300000000000000003e-03,-5.000000000000000104e-03,8.000000000000000167e-03,1.258466026931193138e-03
4.700000000000000185e-03,-3.399999999999999811e-03,-6.000000000000000125e-03,1.700000000000000122e-02,1.486293146620606140e-03
4.700000000000000185e-03,-2.000000000000000096e-04,-1.000000000000000021e-02,1.299999999999999940e-02,1.149666947300661234e-03
4.799999999999999580e-03,-4.799999999999999580e-03,-6.000000000000000125e-03,1.700000000000000122e-02,1.490990454342744397e-03
4.799999999999999580e-03,-3.899999999999999821e-03,-8.999999999999999320e-03,6.000000000000000125e-03,1.026408675332527885e-03
4.799999999999999580e-03,-3.399999999999999811e-03,-7.000000000000000146e-03,1.200000000000000025e-02,1.385882207759140793e-03
4.899999999999999842e-03,-5.000000000000000104e-03,-1.000000000000000021e-02,2.000000000000000042e-03,9.506309333400648999e-04
4.899999999999999842e-03,-5.000000000000000104e-03,-1.000000000000000021e-02,1.400000000000000029e-02,1.153999449729296292e-03
4.899999999999999842e-03,-5.000000000000000104e-03,-1.000000000000000021e-02,1.899999999999999953e-02,9.060350162412171603e-04
4.899999999999999842e-03,-5.000000000000000104e-03,-8.000000000000000167e-03,1.899999999999999953e-02,9.881274121749106243e-04
4.899999999999999842e-03,-5.000000000000000104e-03,-4.000000000000000083e-03,2.000000000000000042e-03,9.506309333400648999e-04
4.899999999999999842e-03,-5.000000000000000104e-03,-4.000000000000000083e-03,1.400000000000000029e-02,1.038308354346724862e-03
4.899999999999999842e-03,-5.000000000000000104e-03,-4.000000000000000083e-03,1.899999999999999953e-02,9.949684451693900037e-04
4.899999999999999842e-03,-3.599999999999999901e-03,-4.000000000000000083e-03,1.799999999999999864e-02,1.296947002810400250e-03
4.899999999999999842e-03,-2.700000000000000143e-03,-7.000000000000000146e-03,8.000000000000000167e-03,1.136118556903646225e-03
4.899999999999999842e-03,-1.000000000000000048e-04,-1.000000000000000021e-02,2.000000000000000042e-03,9.506309333400648999e-04
4.899999999999999842e-03,-1.000000000000000048e-04,-1.000000000000000021e-02,1.400000000000000029e-02,1.020119432276064006e-03
4.899999999999999842e-03,-1.000000000000000048e-04,-1.000000000000000021e-02,1.899999999999999953e-02,9.742210098810599956e-04
4.899999999999999842e-03,-1.000000000000000048e-04,-4.000000000000000083e-03,2.000000000000000042e-03,9.506309333400648999e-04
4.899999999999999842e-03,-1.000000000000000048e-04,-4.000000000000000083e-03,8.999999999999999320e-03,1.051409054529454414e-03
4.899999999999999842e-03,-1.000000000000000048e-04,-4.000000000000000083e-03,1.000000000000000021e-02,9.158813792062107115e-04
