0.000000000000000000e+00,-5.000000000000000104e-03,-1.000000000000000021e-02,2.000000000000000042e-03,6.290920293598730589e-03
0.000000000000000000e+00,-5.000000000000000104e-03,-1.000000000000000021e-02,8.999999999999999320e-03,8.179013703252744835e-03
0.000000000000000000e+00,-5.000000000000000104e-03,-1.000000000000000021e-02,1.200000000000000025e-02,8.174286843362377555e-03
0.000000000000000000e+00,-5.000000000000000104e-03,-1.000000000000000021e-02,1.899999999999999953e-02,7.893603209217408059e-03
0.000000000000000000e+00,-5.000000000000000104e-03,-8.000000000000000167e-03,6.000000000000000125e-03,6.864317838424343829e-03
0.000000000000000000e+00,-5.000000000000000104e-03,-8.000000000000000167e-03,7.000000000000000146e-03,6.650292974643653467e-03
0.000000000000000000e+00,-5.000000000000000104e-03,-7.000000000000000146e-03,1.600000000000000033e-02,7.842147971177073490e-03
0.000000000000000000e+00,-5.000000000000000104e-03,-4.000000000000000083e-03,2.000000000000000042e-03,4.986613245721014699e-03
0.000000000000000000e+00,-5.000000000000000104e-03,-4.000000000000000083e-03,8.000000000000000167e-03,4.404462094532368525e-03
0.000000000000000000e+00,-5.000000000000000104e-03,-4.000000000000000083e-03,1.899999999999999953e-02,6.096212430916506629e-03
0.000000000000000000e+00,-4.100000000000000346e-03,-4.000000000000000083e-03,7.000000000000000146e-03,5.194591054266156811e-03
0.000000000000000000e+00,-3.799999999999999992e-03,-1.000000000000000021e-02,1.899999999999999953e-02,1.165477433751732281e-02
0.000000000000000000e+00,-3.000000000000000062e-03,-4.000000000000000083e-03,1.400000000000000029e-02,1.300804410852307580e-02
0.000000000000000000e+00,-2.899999999999999800e-03,-1.000000000000000021e-02,1.400000000000000029e-02,1.665785825898358913e-02
0.000000000000000000e+00,-2.700000000000000143e-03,-1.000000000000000021e-02,7.000000000000000146e-03,1.576011804467092672e-02
0.000000000000000000e+00,-2.700000000000000143e-03,-1.000000000000000021e-02,1.700000000000000122e-02,1.813207170907293192e-02
0.000000000000000000e+00,-2.500000000000000052e-03,-4.000000000000000083e-03,2.000000000000000042e-03,5.970758270525304036e-03
0.000000000000000000e+00,-2.399999999999999790e-03,-1.000000000000000021e-02,1.099999999999999936e-02,1.846087327374013043e-02
0.000000000000000000e+00,-2.299999999999999961e-03,-1.000000000000000021e-02,6.000000000000000125e-03,1.624658248115282838e-02
0.000000000000000000e+00,-2.099999999999999870e-03,-7.000000000000000146e-03,1.899999999999999953e-02,2.184847397959182452e-02
0.000000000000000000e+00,-2.000000000000000042e-03,-8.000000000000000167e-03,1.400000000000000029e-02,2.139968225602192214e-02
0.000000000000000000e+00,-1.899999999999999996e-03,-1.000000000000000021e-02,1.899999999999999953e-02,2.255019797431278769e-02
0.000000000000000000e+00,-1.899999999999999996e-03,-8.000000000000000167e-03,1.899999999999999953e-02,2.255019797431278769e-02
0.000000000000000000e+00,-1.799999999999999951e-03,-1.000000000000000021e-02,8.000000000000000167e-03,1.901360272459246339e-02
0.000000000000000000e+00,-1.799999999999999951e-03,-8.999999999999999320e-03,1.299999999999999940e-02,2.149710057511248357e-02
0.000000000000000000e+00,-1.799999999999999951e-03,-4.000000000000000083e-03,1.899999999999999953e-02,2.016608142684534963e-02
0.000000000000000000e+00,-1.699999999999999905e-03,-8.999999999999999320e-03,1.099999999999999936e-02,1.987938276786051922e-02
0.000000000000000000e+00,-1.699999999999999905e-03,-6.000000000000000125e-03,1.400000000000000029e-02,2.220101107366008117e-02
0.000000000000000000e+00,-1.600000000000000077e-03,-8.000000000000000167e-03,5.000000000000000104e-03,1.517516155040110268e-02
0.000000000000000000e+00,-1.600000000000000077e-03,-6.000000000000000125e-03,1.600000000000000033e-02,2.328433463092390715e-02
0.000000000000000000e+00,-1.600000000000000077e-03,-5.000000000000000104e-03,1.499999999999999944e-02,2.235470969476785821e-02
0.000000000000000000e+00,-1.500000000000000031e-03,-8.000000000000000167e-03,8.999999999999999320e-03,2.063052639899474669e-02
0.000000000000000000e+00,-1.500000000000000031e-03,-7.000000000000000146e-03,1.099999999999999936e-02,2.045881844275382680e-02
0.000000000000000000e+00,-1.500000000000000031e-03,-5.000000000000000104e-03,1.600000000000000033e-02,2.277178809414908550e-02
0.000000000000000000e+00,-1.399999999999999986e-03,-1.000000000000000021e-02,1.700000000000000122e-02,2.402760973824216023e-02
0.000000000000000000e+00,-1.399999999999999986e-03,-8.999999999999999320e-03,1.899999999999999953e-02,2.428926775068825789e-02
0.000000000000000000e+00,-1.399999999999999986e-03,-7.000000000000000146e-03,1.600000000000000033e-02,2.401854775685082974e-02
0.000000000000000000e+00,-1.199999999999999895e-03,-1.000000000000000021e-02,1.899999999999999953e-02,2.433312888959974357e-02
0.000000000000000000e+00,-1.199999999999999895e-03,-8.999999999999999320e-03,8.000000000000000167e-03,2.020061193226145579e-02
0.000000000000000000e+00,-1.199999999999999895e-03,-6.000000000000000125e-03,1.700000000000000122e-02,2.412865266130648570e-02
0.000000000000000000e+00,-1.100000000000000066e-03,-1.000000000000000021e-02,1.000000000000000021e-02,2.046927618156225634e-02
0.000000000000000000e+00,-1.100000000000000066e-03,-7.000000000000000146e-03,1.899999999999999953e-02,2.416804575546116496e-02
0.000000000000000000e+00,-1.100000000000000066e-03,-4.000000000000000083e-03,1.400000000000000029e-02,2.124244906454013024e-02
0.000000000000000000e+00,-1.000000000000000021e-03,-8.999999999999999320e-03,1.799999999999999864e-02,2.416036213001223482e-02
0.000000000000000000e+00,-1.000000000000000021e-03,-6.000000000000000125e-03,1.799999999999999864e-02,2.416036213001223482e-02
0.000000000000000000e+00,-8.999999999999999754e-04,-1.000000000000000021e-02,1.600000000000000033e-02,2.398177536029251489e-02
0.000000000000000000e+00,-8.999999999999999754e-04,-1.000000000000000021e-02,1.899999999999999953e-02,2.427065097636110780e-02
0.000000000000000000e+00,-8.999999999999999754e-04,-7.000000000000000146e-03,1.899999999999999953e-02,2.427065097636110780e-02
0.000000000000000000e+00,-8.000000000000000383e-04,-8.000000000000000167e-03,1.600000000000000033e-02,2.397198442394968612e-02
0.000000000000000000e+00,-8.000000000000000383e-04,-7.000000000000000146e-03,1.400000000000000029e-02,2.313085657227459402e-02
0.000000000000000000e+00,-8.000000000000000383e-04,-5.000000000000000104e-03,1.499999999999999944e-02,2.289772984380596121e-02
0.000000000000000000e+00,-6.999999999999999929e-04,-1.000000000000000021e-02,1.400000000000000029e-02,2.317546696164747219e-02
0.000000000000000000e+00,-5.999999999999999474e-04,-1.000000000000000021e-02,1.299999999999999940e-02,2.274654333993003652e-02
0.000000000000000000e+00,-5.999999999999999474e-04,-8.999999999999999320e-03,1.600000000000000033e-02,2.392702561525522284e-02
0.000000000000000000e+00,-5.999999999999999474e-04,-8.000000000000000167e-03,1.499999999999999944e-02,2.370666436030276908e-02
0.000000000000000000e+00,-5.999999999999999474e-04,-6.000000000000000125e-03,1.600000000000000033e-02,2.392702561525522284e-02
0.000000000000000000e+00,-4.000000000000000192e-04,-1.000000000000000021e-02,1.799999999999999864e-02,2.368681061431671120e-02
0.000000000000000000e+00,-4.000000000000000192e-04,-6.000000000000000125e-03,1.400000000000000029e-02,2.282188903218189749e-02
0.000000000000000000e+00,-2.000000000000000096e-04,-6.000000000000000125e-03,1.700000000000000122e-02,2.286456100651587317e-02
0.000000000000000000e+00,-1.000000000000000048e-04,-1.000000000000000021e-02,2.000000000000000042e-03,8.474891488776307644e-03
0.000000000000000000e+00,-1.000000000000000048e-04,-1.000000000000000021e-02,5.000000000000000104e-03,1.494588902534757686e-02
0.000000000000000000e+00,-1.000000000000000048e-04,-1.000000000000000021e-02,7.000000000000000146e-03,1.742111715241208628e-02
0.000000000000000000e+00,-1.000000000000000048e-04,-1.000000000000000021e-02,8.999999999999999320e-03,1.938216734549870826e-02
0.000000000000000000e+00,-1.000000000000000048e-04,-1.000000000000000021e-02,1.400000000000000029e-02,2.137215046794688558e-02
0.000000000000000000e+00,-1.000000000000000048e-04,-8.999999999999999320e-03,1.000000000000000021e-02,1.812548459866837602e-02
0.000000000000000000e+00,-1.000000000000000048e-04,-8.999999999999999320e-03,1.799999999999999864e-02,2.236797124707002454e-02
0.000000000000000000e+00,-1.000000000000000048e-04,-8.000000000000000167e-03,5.000000000000000104e-03,1.391714224472878972e-02
0.000000000000000000e+00,-1.000000000000000048e-04,-8.000000000000000167e-03,1.200000000000000025e-02,1.886188394721811240e-02
0.000000000000000000e+00,-1.000000000000000048e-04,-8.000000000000000167e-03,1.299999999999999940e-02,2.005958153108123102e-02
0.000000000000000000e+00,-1.000000000000000048e-04,-8.000000000000000167e-03,1.700000000000000122e-02,2.237205136531807831e-02
0.000000000000000000e+00,-1.000000000000000048e-04,-7.000000000000000146e-03,2.000000000000000042e-03,8.474891488776307644e-03
0.000000000000000000e+00,-1.000000000000000048e-04,-7.000000000000000146e-03,7.000000000000000146e-03,1.639237037179330087e-02
0.000000000000000000e+00,-1.000000000000000048e-04,-7.000000000000000146e-03,8.000000000000000167e-03,1.773784437598274061e-02
0.000000000000000000e+00,-1.000000000000000048e-04,-7.000000000000000146e-03,8.999999999999999320e-03,1.834932016019531070e-02
0.000000000000000000e+00,-1.000000000000000048e-04,-6.000000000000000125e-03,8.999999999999999320e-03,1.800397792417333942e-02
0.000000000000000000e+00,-1.000000000000000048e-04,-6.000000000000000125e-03,1.299999999999999940e-02,1.959710563640871400e-02
0.000000000000000000e+00,-1.000000000000000048e-04,-6.000000000000000125e-03,1.499999999999999944e-02,2.206973972748853957e-02
0.000000000000000000e+00,-1.000000000000000048e-04,-6.000000000000000125e-03,1.600000000000000033e-02,2.227078855395880214e-02
0.000000000000000000e+00,-1.000000000000000048e-04,-6.000000000000000125e-03,1.899999999999999953e-02,2.249437878214100017e-02
0.000000000000000000e+00,-1.000000000000000048e-04,-5.000000000000000104e-03,1.600000000000000033e-02,2.163535579407594583e-02
0.000000000000000000e+00,-1.000000000000000048e-04,-5.000000000000000104e-03,1.899999999999999953e-02,2.185894602225814387e-02
0.000000000000000000e+00,-1.000000000000000048e-04,-4.000000000000000083e-03,2.000000000000000042e-03,6.946910526181127032e-03
0.000000000000000000e+00,-1.000000000000000048e-04,-4.000000000000000083e-03,6.000000000000000125e-03,1.391839636320066527e-02
0.000000000000000000e+00,-1.000000000000000048e-04,-4.000000000000000083e-03,8.000000000000000167e-03,1.532297503986836638e-02
0.000000000000000000e+00,-1.000000000000000048e-04,-4.000000000000000083e-03,1.000000000000000021e-02,1.653199423737231749e-02
0.000000000000000000e+00,-1.000000000000000048e-04,-4.000000000000000083e-03,1.200000000000000025e-02,1.754146376963074475e-02
0.000000000000000000e+00,-1.000000000000000048e-04,-4.000000000000000083e-03,1.299999999999999940e-02,1.811925311870028754e-02
0.000000000000000000e+00,-1.000000000000000048e-04,-4.000000000000000083e-03,1.499999999999999944e-02,2.031467140567022947e-02
0.000000000000000000e+00,-1.000000000000000048e-04,-4.000000000000000083e-03,1.700000000000000122e-02,2.033058185134251072e-02
0.000000000000000000e+00,-1.000000000000000048e-04,-4.000000000000000083e-03,1.899999999999999953e-02,2.044073714530575403e-02
1.000000000000000048e-04,-4.400000000000000265e-03,-6.000000000000000125e-03,3.000000000000000062e-03,6.666012421329618569e-03
1.000000000000000048e-04,-4.300000000000000003e-03,-1.000000000000000021e-02,1.000000000000000021e-02,1.000535212351710314e-02
1.000000000000000048e-04,-1.799999999999999951e-03,-7.000000000000000146e-03,1.899999999999999953e-02,2.274050532680832806e-02
1.000000000000000048e-04,-1.699999999999999905e-03,-6.000000000000000125e-03,1.299999999999999940e-02,2.048231736182877516e-02
1.000000000000000048e-04,-1.600000000000000077e-03,-8.999999999999999320e-03,1.400000000000000029e-02,2.227524967137871348e-02
1.000000000000000048e-04,-1.500000000000000031e-03,-1.000000000000000021e-02,2.000000000000000042e-03,9.261290861316029063e-03
1.000000000000000048e-04,-1.399999999999999986e-03,-8.999999999999999320e-03,1.600000000000000033e-02,2.404655449095253680e-02
1.000000000000000048e-04,-1.299999999999999940e-03,-1.000000000000000021e-02,4.000000000000000083e-03,1.356429048931709867e-02
1.000000000000000048e-04,-8.000000000000000383e-04,-8.000000000000000167e-03,1.899999999999999953e-02,2.442501215718860183e-02
1.000000000000000048e-04,-1.000000000000000048e-04,-8.999999999999999320e-03,1.499999999999999944e-02,2.252766228937406329e-02
1.000000000000000048e-04,-1.000000000000000048e-04,-4.000000000000000083e-03,1.899999999999999953e-02,2.097791006837177938e-02
2.000000000000000096e-04,-4.300000000000000003e-03,-7.000000000000000146e-03,1.499999999999999944e-02,9.755685873308718795e-03
2.000000000000000096e-04,-4.000000000000000083e-03,-6.000000000000000125e-03,1.700000000000000122e-02,9.851039295288927661e-03
2.000000000000000096e-04,-3.099999999999999891e-03,-8.000000000000000167e-03,1.099999999999999936e-02,1.364059142406316358e-02
2.000000000000000096e-04,-2.500000000000000052e-03,-6.000000000000000125e-03,1.799999999999999864e-02,1.862175847379822502e-02
2.000000000000000096e-04,-1.799999999999999951e-03,-4.000000000000000083e-03,1.799999999999999864e-02,1.999649921544797634e-02
2.000000000000000096e-04,-1.399999999999999986e-03,-8.000000000000000167e-03,1.600000000000000033e-02,2.413065864680761716e-02
2.000000000000000096e-04,-1.299999999999999940e-03,-7.000000000000000146e-03,1.700000000000000122e-02,2.437328735989477760e-02
2.000000000000000096e-04,-1.199999999999999895e-03,-7.000000000000000146e-03,1.499999999999999944e-02,2.404581237440421571e-02
2.000000000000000096e-04,-1.100000000000000066e-03,-1.000000000000000021e-02,1.499999999999999944e-02,2.383144787389868124e-02
2.000000000000000096e-04,-8.999999999999999754e-04,-5.000000000000000104e-03,8.999999999999999320e-03,1.862199563297427599e-02
2.000000000000000096e-04,-6.999999999999999929e-04,-1.000000000000000021e-02,1.400000000000000029e-02,2.313925203407011383e-02
2.000000000000000096e-04,-1.000000000000000048e-04,-1.000000000000000021e-02,1.200000000000000025e-02,1.993431844904259426e-02
2.000000000000000096e-04,-1.000000000000000048e-04,-8.000000000000000167e-03,1.899999999999999953e-02,2.308702132911429408e-02
2.000000000000000096e-04,-1.000000000000000048e-04,-7.000000000000000146e-03,1.200000000000000025e-02,1.942154025253131980e-02
2.999999999999999737e-04,-3.099999999999999891e-03,-7.000000000000000146e-03,1.299999999999999940e-02,1.429098893714887512e-02
2.999999999999999737e-04,-1.299999999999999940e-03,-1.000000000000000021e-02,1.799999999999999864e-02,2.446790470062190984e-02
2.999999999999999737e-04,-1.100000000000000066e-03,-7.000000000000000146e-03,1.899999999999999953e-02,2.428817498748986684e-02
2.999999999999999737e-04,-8.999999999999999754e-04,-7.000000000000000146e-03,1.799999999999999864e-02,2.421347243361133758e-02
2.999999999999999737e-04,-6.999999999999999929e-04,-5.000000000000000104e-03,1.799999999999999864e-02,2.317448498228123765e-02
2.999999999999999737e-04,-4.000000000000000192e-04,-4.000000000000000083e-03,1.400000000000000029e-02,2.138803700959688789e-02
2.999999999999999737e-04,-1.000000000000000048e-04,-8.999999999999999320e-03,1.899999999999999953e-02,2.353347565212069240e-02
2.999999999999999737e-04,-1.000000000000000048e-04,-5.000000000000000104e-03,1.799999999999999864e-02,2.261239004462065397e-02
4.000000000000000192e-04,-2.200000000000000133e-03,-8.000000000000000167e-03,1.799999999999999864e-02,2.212263074998372867e-02
4.000000000000000192e-04,-2.099999999999999870e-03,-1.000000000000000021e-02,1.499999999999999944e-02,2.240435275102829402e-02
4.000000000000000192e-04,-1.699999999999999905e-03,-6.000000000000000125e-03,1.000000000000000021e-02,1.929393105883322676e-02
4.000000000000000192e-04,-1.600000000000000077e-03,-8.999999999999999320e-03,1.899999999999999953e-02,2.454805972071742032e-02
4.000000000000000192e-04,-1.600000000000000077e-03,-7.000000000000000146e-03,1.799999999999999864e-02,2.446341907947335512e-02
4.000000000000000192e-04,-1.299999999999999940e-03,-7.000000000000000146e-03,1.899999999999999953e-02,2.548232862792430137e-02
4.000000000000000192e-04,-1.199999999999999895e-03,-8.999999999999999320e-03,1.799999999999999864e-02,2.528501068129119719e-02
4.000000000000000192e-04,-1.100000000000000066e-03,-1.000000000000000021e-02,1.700000000000000122e-02,2.509680236127612499e-02
4.000000000000000192e-04,-1.100000000000000066e-03,-1.000000000000000021e-02,1.899999999999999953e-02,2.525325800444656529e-02
4.000000000000000192e-04,-8.999999999999999754e-04,-8.000000000000000167e-03,1.600000000000000033e-02,2.505336400198610036e-02
4.000000000000000192e-04,-6.999999999999999929e-04,-6.000000000000000125e-03,1.600000000000000033e-02,2.501036264929284991e-02
4.000000000000000192e-04,-5.000000000000000104e-04,-8.999999999999999320e-03,1.400000000000000029e-02,2.441224375371218655e-02
4.000000000000000192e-04,-1.000000000000000048e-04,-1.000000000000000021e-02,1.000000000000000021e-02,1.973490085770164895e-02
4.000000000000000192e-04,-1.000000000000000048e-04,-1.000000000000000021e-02,1.099999999999999936e-02,2.032050266871606586e-02
4.000000000000000192e-04,-1.000000000000000048e-04,-4.000000000000000083e-03,1.600000000000000033e-02,2.167059644927124898e-02
5.000000000000000104e-04,-4.899999999999999842e-03,-8.999999999999999320e-03,2.000000000000000042e-03,8.118562834379471072e-03
5.000000000000000104e-04,-4.599999999999999922e-03,-7.000000000000000146e-03,1.600000000000000033e-02,1.031055405026315257e-02
5.000000000000000104e-04,-4.199999999999999740e-03,-5.000000000000000104e-03,5.000000000000000104e-03,7.315347676639138638e-03
5.000000000000000104e-04,-3.599999999999999901e-03,-5.000000000000000104e-03,1.000000000000000021e-02,9.454992633728219811e-03
5.000000000000000104e-04,-1.600000000000000077e-03,-1.000000000000000021e-02,1.000000000000000021e-02,2.009631033348809395e-02
5.000000000000000104e-04,-1.199999999999999895e-03,-8.999999999999999320e-03,1.700000000000000122e-02,2.546706177406345833e-02
5.000000000000000104e-04,-1.199999999999999895e-03,-8.999999999999999320e-03,1.799999999999999864e-02,2.557170121408858243e-02
5.000000000000000104e-04,-4.000000000000000192e-04,-1.000000000000000021e-02,1.700000000000000122e-02,2.525190425836628186e-02
5.000000000000000104e-04,-4.000000000000000192e-04,-8.999999999999999320e-03,1.899999999999999953e-02,2.565068236890316253e-02
5.000000000000000104e-04,-1.000000000000000048e-04,-1.000000000000000021e-02,1.499999999999999944e-02,2.375483727365231348e-02
5.000000000000000104e-04,-1.000000000000000048e-04,-8.000000000000000167e-03,1.299999999999999940e-02,2.159033839087802845e-02
5.999999999999999474e-04,-4.199999999999999740e-03,-7.000000000000000146e-03,4.000000000000000083e-03,8.515331797658757737e-03
5.999999999999999474e-04,-2.599999999999999881e-03,-6.000000000000000125e-03,1.799999999999999864e-02,1.721774753461915303e-02
5.999999999999999474e-04,-2.399999999999999790e-03,-5.000000000000000104e-03,4.000000000000000083e-03,1.070101017657031951e-02
5.999999999999999474e-04,-1.299999999999999940e-03,-1.000000000000000021e-02,1.200000000000000025e-02,2.336960659168580909e-02
5.999999999999999474e-04,-1.299999999999999940e-03,-8.999999999999999320e-03,1.499999999999999944e-02,2.547005167237519421e-02
5.999999999999999474e-04,-1.100000000000000066e-03,-8.999999999999999320e-03,1.600000000000000033e-02,2.561367981496592144e-02
5.999999999999999474e-04,-8.000000000000000383e-04,-7.000000000000000146e-03,1.899999999999999953e-02,2.407736123788583454e-02
5.999999999999999474e-04,-5.999999999999999474e-04,-8.999999999999999320e-03,1.799999999999999864e-02,2.579123764308535391e-02
5.999999999999999474e-04,-5.999999999999999474e-04,-8.000000000000000167e-03,1.499999999999999944e-02,2.380980083715767900e-02
5.999999999999999474e-04,-5.000000000000000104e-04,-8.999999999999999320e-03,1.799999999999999864e-02,2.557355917941760842e-02
5.999999999999999474e-04,-4.000000000000000192e-04,-1.000000000000000021e-02,1.700000000000000122e-02,2.528405649520868576e-02
5.999999999999999474e-04,-4.000000000000000192e-04,-6.000000000000000125e-03,1.299999999999999940e-02,2.117147783533723793e-02
5.999999999999999474e-04,-2.999999999999999737e-04,-1.000000000000000021e-02,1.899999999999999953e-02,2.555861535685323080e-02
5.999999999999999474e-04,-1.000000000000000048e-04,-1.000000000000000021e-02,1.299999999999999940e-02,2.323718116647076684e-02
5.999999999999999474e-04,-1.000000000000000048e-04,-1.000000000000000021e-02,1.499999999999999944e-02,2.454208520179302147e-02
5.999999999999999474e-04,-1.000000000000000048e-04,-8.999999999999999320e-03,8.000000000000000167e-03,2.036979918296753095e-02
5.999999999999999474e-04,-1.000000000000000048e-04,-7.000000000000000146e-03,1.600000000000000033e-02,2.327442226094635427e-02
5.999999999999999474e-04,-1.000000000000000048e-04,-6.000000000000000125e-03,1.799999999999999864e-02,2.351741134533946731e-02
6.999999999999999929e-04,-4.300000000000000003e-03,-5.000000000000000104e-03,1.499999999999999944e-02,8.970789446542566659e-03
6.999999999999999929e-04,-2.500000000000000052e-03,-6.000000000000000125e-03,6.000000000000000125e-03,1.359566198929321179e-02
6.999999999999999929e-04,-1.600000000000000077e-03,-7.000000000000000146e-03,1.299999999999999940e-02,2.077123195239978515e-02
6.999999999999999929e-04,-1.600000000000000077e-03,-6.000000000000000125e-03,1.200000000000000025e-02,1.975990610215810211e-02
6.999999999999999929e-04,-1.500000000000000031e-03,-8.999999999999999320e-03,1.600000000000000033e-02,2.486807462436420660e-02
6.999999999999999929e-04,-1.299999999999999940e-03,-1.000000000000000021e-02,1.299999999999999940e-02,2.433235447834069393e-02
6.999999999999999929e-04,-1.199999999999999895e-03,-6.000000000000000125e-03,1.499999999999999944e-02,2.408424970021530789e-02
6.999999999999999929e-04,-1.100000000000000066e-03,-6.000000000000000125e-03,1.899999999999999953e-02,2.421501532598660869e-02
6.999999999999999929e-04,-1.000000000000000021e-03,-1.000000000000000021e-02,1.200000000000000025e-02,2.394263847948163021e-02
6.999999999999999929e-04,-1.000000000000000021e-03,-1.000000000000000021e-02,1.700000000000000122e-02,2.568616460739968008e-02
6.999999999999999929e-04,-1.000000000000000021e-03,-7.000000000000000146e-03,1.600000000000000033e-02,2.410779036805511810e-02
6.999999999999999929e-04,-8.999999999999999754e-04,-1.000000000000000021e-02,1.600000000000000033e-02,2.575515468257789931e-02
6.999999999999999929e-04,-8.999999999999999754e-04,-1.000000000000000021e-02,1.700000000000000122e-02,2.567708837568217703e-02
6.999999999999999929e-04,-8.999999999999999754e-04,-8.999999999999999320e-03,1.499999999999999944e-02,2.559795709349148296e-02
6.999999999999999929e-04,-8.999999999999999754e-04,-8.000000000000000167e-03,1.700000000000000122e-02,2.405587212839766301e-02
6.999999999999999929e-04,-8.000000000000000383e-04,-8.999999999999999320e-03,1.499999999999999944e-02,2.553428494511750593e-02
6.999999999999999929e-04,-8.000000000000000383e-04,-8.999999999999999320e-03,1.799999999999999864e-02,2.574209221965180136e-02
6.999999999999999929e-04,-6.999999999999999929e-04,-1.000000000000000021e-02,1.799999999999999864e-02,2.574567431388920594e-02
6.999999999999999929e-04,-6.999999999999999929e-04,-8.999999999999999320e-03,1.799999999999999864e-02,2.574567431388920594e-02
6.999999999999999929e-04,-5.999999999999999474e-04,-8.000000000000000167e-03,1.600000000000000033e-02,2.404854110656911778e-02
6.999999999999999929e-04,-5.000000000000000104e-04,-8.999999999999999320e-03,1.899999999999999953e-02,2.587136075206519781e-02
6.999999999999999929e-04,-5.000000000000000104e-04,-7.000000000000000146e-03,1.499999999999999944e-02,2.360841744030615572e-02
6.999999999999999929e-04,-4.000000000000000192e-04,-5.000000000000000104e-03,1.400000000000000029e-02,2.305003408585397026e-02
6.999999999999999929e-04,-1.000000000000000048e-04,-1.000000000000000021e-02,7.000000000000000146e-03,1.953557270093899539e-02
6.999999999999999929e-04,-1.000000000000000048e-04,-1.000000000000000021e-02,1.400000000000000029e-02,2.441719059306966810e-02
6.999999999999999929e-04,-1.000000000000000048e-04,-1.000000000000000021e-02,1.899999999999999953e-02,2.528428403397386601e-02
8.000000000000000383e-04,-4.799999999999999580e-03,-4.000000000000000083e-03,1.499999999999999944e-02,7.067176728345697656e-03
8.000000000000000383e-04,-3.799999999999999992e-03,-5.000000000000000104e-03,6.000000000000000125e-03,8.417984507694313556e-03
8.000000000000000383e-04,-1.699999999999999905e-03,-8.000000000000000167e-03,1.600000000000000033e-02,2.229209906425156859e-02
8.000000000000000383e-04,-1.299999999999999940e-03,-8.999999999999999320e-03,1.400000000000000029e-02,2.515958978110777525e-02
8.000000000000000383e-04,-1.299999999999999940e-03,-8.999999999999999320e-03,1.499999999999999944e-02,2.545398386585687872e-02
8.000000000000000383e-04,-1.100000000000000066e-03,-6.000000000000000125e-03,1.700000000000000122e-02,2.397783589837826357e-02
8.000000000000000383e-04,-1.000000000000000021e-03,-1.000000000000000021e-02,1.499999999999999944e-02,2.555956263479192137e-02
8.000000000000000383e-04,-1.000000000000000021e-03,-1.000000000000000021e-02,1.700000000000000122e-02,2.563464266031295971e-02
8.000000000000000383e-04,-1.000000000000000021e-03,-8.000000000000000167e-03,1.799999999999999864e-02,2.425354570660833917e-02
8.000000000000000383e-04,-8.999999999999999754e-04,-1.000000000000000021e-02,1.400000000000000029e-02,2.521673005656427033e-02
8.000000000000000383e-04,-8.999999999999999754e-04,-1.000000000000000021e-02,1.499999999999999944e-02,2.552712259474200843e-02
8.000000000000000383e-04,-8.999999999999999754e-04,-8.999999999999999320e-03,1.600000000000000033e-02,2.569976027332564542e-02
8.000000000000000383e-04,-8.000000000000000383e-04,-8.999999999999999320e-03,1.799999999999999864e-02,2.598237961533198317e-02
8.000000000000000383e-04,-8.000000000000000383e-04,-8.999999999999999320e-03,1.899999999999999953e-02,2.608496537626699488e-02
8.000000000000000383e-04,-8.000000000000000383e-04,-8.000000000000000167e-03,1.400000000000000029e-02,2.360721505250387361e-02
8.000000000000000383e-04,-8.000000000000000383e-04,-8.000000000000000167e-03,1.899999999999999953e-02,2.442634651323398118e-02
8.000000000000000383e-04,-8.000000000000000383e-04,-7.000000000000000146e-03,1.700000000000000122e-02,2.397931000396603257e-02
8.000000000000000383e-04,-6.999999999999999929e-04,-1.000000000000000021e-02,1.799999999999999864e-02,2.597622931555209833e-02
8.000000000000000383e-04,-6.999999999999999929e-04,-8.999999999999999320e-03,1.700000000000000122e-02,2.560150975095473042e-02
8.000000000000000383e-04,-6.999999999999999929e-04,-4.000000000000000083e-03,5.000000000000000104e-03,1.349659760211962753e-02
8.000000000000000383e-04,-5.999999999999999474e-04,-8.999999999999999320e-03,1.799999999999999864e-02,2.616967894203735961e-02
8.000000000000000383e-04,-5.999999999999999474e-04,-7.000000000000000146e-03,1.799999999999999864e-02,2.450525779252787570e-02
8.000000000000000383e-04,-2.999999999999999737e-04,-8.999999999999999320e-03,1.600000000000000033e-02,2.536923054475769337e-02
8.000000000000000383e-04,-2.999999999999999737e-04,-8.999999999999999320e-03,1.799999999999999864e-02,2.574436756695271111e-02
8.000000000000000383e-04,-1.000000000000000048e-04,-1.000000000000000021e-02,8.999999999999999320e-03,2.109636502523446616e-02
8.000000000000000383e-04,-1.000000000000000048e-04,-1.000000000000000021e-02,1.499999999999999944e-02,2.461689347146616899e-02
8.000000000000000383e-04,-1.000000000000000048e-04,-1.000000000000000021e-02,1.600000000000000033e-02,2.487573149121696456e-02
8.000000000000000383e-04,-1.000000000000000048e-04,-1.000000000000000021e-02,1.899999999999999953e-02,2.532113144009294145e-02
8.999999999999999754e-04,-4.799999999999999580e-03,-4.000000000000000083e-03,1.200000000000000025e-02,6.851376579140045116e-03
8.999999999999999754e-04,-2.899999999999999800e-03,-4.000000000000000083e-03,1.700000000000000122e-02,1.384341011909681445e-02
8.999999999999999754e-04,-1.299999999999999940e-03,-1.000000000000000021e-02,1.400000000000000029e-02,2.518435668073838729e-02
8.999999999999999754e-04,-1.299999999999999940e-03,-8.000000000000000167e-03,1.700000000000000122e-02,2.412826383792674584e-02
8.999999999999999754e-04,-1.299999999999999940e-03,-6.000000000000000125e-03,1.499999999999999944e-02,2.387979129149798291e-02
8.999999999999999754e-04,-1.199999999999999895e-03,-8.000000000000000167e-03,1.899999999999999953e-02,2.430707752228404919e-02
8.999999999999999754e-04,-1.199999999999999895e-03,-6.000000000000000125e-03,1.899999999999999953e-02,2.430127523580758245e-02
8.999999999999999754e-04,-1.100000000000000066e-03,-1.000000000000000021e-02,1.499999999999999944e-02,2.560232245782170443e-02
8.999999999999999754e-04,-1.100000000000000066e-03,-8.999999999999999320e-03,1.400000000000000029e-02,2.523645749832072530e-02
8.999999999999999754e-04,-1.100000000000000066e-03,-8.000000000000000167e-03,1.400000000000000029e-02,2.362360434205822146e-02
8.999999999999999754e-04,-1.000000000000000021e-03,-1.000000000000000021e-02,1.499999999999999944e-02,2.566363381366063706e-02
8.999999999999999754e-04,-1.000000000000000021e-03,-4.000000000000000083e-03,1.700000000000000122e-02,2.211207309594508119e-02
8.999999999999999754e-04,-8.999999999999999754e-04,-1.000000000000000021e-02,1.499999999999999944e-02,2.561455721719755815e-02
8.999999999999999754e-04,-8.999999999999999754e-04,-1.000000000000000021e-02,1.899999999999999953e-02,2.618495962713029285e-02
8.999999999999999754e-04,-8.999999999999999754e-04,-8.999999999999999320e-03,1.400000000000000029e-02,2.522992395168186311e-02
8.999999999999999754e-04,-8.999999999999999754e-04,-8.999999999999999320e-03,1.499999999999999944e-02,2.561455721719755815e-02
8.999999999999999754e-04,-8.999999999999999754e-04,-8.999999999999999320e-03,1.700000000000000122e-02,2.579403516259419146e-02
8.999999999999999754e-04,-8.999999999999999754e-04,-6.000000000000000125e-03,1.899999999999999953e-02,2.452053847762080893e-02
8.999999999999999754e-04,-8.000000000000000383e-04,-1.000000000000000021e-02,1.499999999999999944e-02,2.556225173518758206e-02
8.999999999999999754e-04,-8.000000000000000383e-04,-1.000000000000000021e-02,1.799999999999999864e-02,2.600737547347407863e-02
8.999999999999999754e-04,-8.000000000000000383e-04,-8.000000000000000167e-03,1.899999999999999953e-02,2.445136755781862625e-02
8.999999999999999754e-04,-6.999999999999999929e-04,-1.000000000000000021e-02,1.899999999999999953e-02,2.605051313043937888e-02
8.999999999999999754e-04,-6.999999999999999929e-04,-8.999999999999999320e-03,1.899999999999999953e-02,2.605051313043937888e-02
8.999999999999999754e-04,-4.000000000000000192e-04,-1.000000000000000021e-02,1.299999999999999940e-02,2.449965493516811574e-02
8.999999999999999754e-04,-4.000000000000000192e-04,-8.999999999999999320e-03,1.499999999999999944e-02,2.534278983417681541e-02
8.999999999999999754e-04,-2.999999999999999737e-04,-8.999999999999999320e-03,1.299999999999999940e-02,2.410025168406052659e-02
8.999999999999999754e-04,-2.000000000000000096e-04,-1.000000000000000021e-02,1.499999999999999944e-02,2.500619436060489559e-02
8.999999999999999754e-04,-1.000000000000000048e-04,-7.000000000000000146e-03,1.899999999999999953e-02,2.397880288972547430e-02
8.999999999999999754e-04,-1.000000000000000048e-04,-6.000000000000000125e-03,1.099999999999999936e-02,2.001927578403862873e-02
8.999999999999999754e-04,-1.000000000000000048e-04,-6.000000000000000125e-03,1.799999999999999864e-02,2.387223343166292727e-02
8.999999999999999754e-04,-1.000000000000000048e-04,-5.000000000000000104e-03,1.700000000000000122e-02,2.335466154056730498e-02
8.999999999999999754e-04,-1.000000000000000048e-04,-5.000000000000000104e-03,1.899999999999999953e-02,2.358500868780117818e-02
1.000000000000000021e-03,-2.099999999999999870e-03,-6.000000000000000125e-03,1.000000000000000021e-02,1.816180102996440421e-02
1.000000000000000021e-03,-1.500000000000000031e-03,-1.000000000000000021e-02,1.600000000000000033e-02,2.482692363804030536e-02
1.000000000000000021e-03,-1.199999999999999895e-03,-8.999999999999999320e-03,1.299999999999999940e-02,2.448718699430131249e-02
1.000000000000000021e-03,-1.199999999999999895e-03,-6.000000000000000125e-03,1.299999999999999940e-02,2.152186820799610600e-02
1.000000000000000021e-03,-1.100000000000000066e-03,-1.000000000000000021e-02,1.499999999999999944e-02,2.559599467114053936e-02
1.000000000000000021e-03,-1.100000000000000066e-03,-8.999999999999999320e-03,1.700000000000000122e-02,2.578933856141717162e-02
1.000000000000000021e-03,-1.000000000000000021e-03,-1.000000000000000021e-02,1.700000000000000122e-02,2.587636887717840659e-02
1.000000000000000021e-03,-8.999999999999999754e-04,-8.999999999999999320e-03,1.299999999999999940e-02,2.448211273893751219e-02
1.000000000000000021e-03,-8.999999999999999754e-04,-8.999999999999999320e-03,1.700000000000000122e-02,2.582196330346149538e-02
1.000000000000000021e-03,-8.999999999999999754e-04,-8.999999999999999320e-03,1.899999999999999953e-02,2.623970424127035003e-02
1.000000000000000021e-03,-6.999999999999999929e-04,-1.000000000000000021e-02,1.499999999999999944e-02,2.549619957204421125e-02
1.000000000000000021e-03,-6.999999999999999929e-04,-1.000000000000000021e-02,1.899999999999999953e-02,2.639464815194324937e-02
1.000000000000000021e-03,-6.999999999999999929e-04,-8.999999999999999320e-03,1.899999999999999953e-02,2.639464815194324937e-02
1.000000000000000021e-03,-6.999999999999999929e-04,-6.000000000000000125e-03,1.799999999999999864e-02,2.454573970525150001e-02
1.000000000000000021e-03,-5.999999999999999474e-04,-1.000000000000000021e-02,1.400000000000000029e-02,2.524684331699686771e-02
1.000000000000000021e-03,-5.999999999999999474e-04,-1.000000000000000021e-02,1.799999999999999864e-02,2.626435111043400397e-02
1.000000000000000021e-03,-5.999999999999999474e-04,-1.000000000000000021e-02,1.899999999999999953e-02,2.647447874237883123e-02
1.000000000000000021e-03,-5.000000000000000104e-04,-1.000000000000000021e-02,1.499999999999999944e-02,2.541216868229478898e-02
1.000000000000000021e-03,-4.000000000000000192e-04,-8.999999999999999320e-03,1.899999999999999953e-02,2.641628630645220105e-02
1.000000000000000021e-03,-1.000000000000000048e-04,-1.000000000000000021e-02,1.400000000000000029e-02,2.450969782770589731e-02
1.000000000000000021e-03,-1.000000000000000048e-04,-4.000000000000000083e-03,1.700000000000000122e-02,2.219793969891912383e-02
1.100000000000000066e-03,-4.799999999999999580e-03,-4.000000000000000083e-03,1.700000000000000122e-02,6.434054198521434349e-03
1.100000000000000066e-03,-4.100000000000000346e-03,-7.000000000000000146e-03,1.099999999999999936e-02,9.234101702797642766e-03
1.100000000000000066e-03,-3.099999999999999891e-03,-7.000000000000000146e-03,5.000000000000000104e-03,1.316647099810188890e-02
1.100000000000000066e-03,-2.899999999999999800e-03,-4.000000000000000083e-03,1.000000000000000021e-02,1.184569887264822624e-02
1.100000000000000066e-03,-1.799999999999999951e-03,-7.000000000000000146e-03,1.700000000000000122e-02,2.172716779259963038e-02
1.100000000000000066e-03,-1.600000000000000077e-03,-1.000000000000000021e-02,1.899999999999999953e-02,2.439433364866362697e-02
1.100000000000000066e-03,-1.399999999999999986e-03,-8.999999999999999320e-03,7.000000000000000146e-03,2.100961511811139798e-02
1.100000000000000066e-03,-1.399999999999999986e-03,-8.000000000000000167e-03,1.499999999999999944e-02,2.318881990235539814e-02
1.100000000000000066e-03,-1.399999999999999986e-03,-5.000000000000000104e-03,1.799999999999999864e-02,2.256775611712115090e-02
1.100000000000000066e-03,-1.399999999999999986e-03,-4.000000000000000083e-03,1.499999999999999944e-02,2.141085583249268884e-02
1.100000000000000066e-03,-1.299999999999999940e-03,-8.000000000000000167e-03,8.000000000000000167e-03,2.082678639813628080e-02
1.100000000000000066e-03,-1.299999999999999940e-03,-4.000000000000000083e-03,1.299999999999999940e-02,1.942006343556785739e-02
1.100000000000000066e-03,-1.199999999999999895e-03,-8.999999999999999320e-03,1.099999999999999936e-02,2.202944767369225190e-02
1.100000000000000066e-03,-1.100000000000000066e-03,-1.000000000000000021e-02,1.700000000000000122e-02,2.544428023039991410e-02
1.100000000000000066e-03,-1.100000000000000066e-03,-6.000000000000000125e-03,1.400000000000000029e-02,2.333667225563220912e-02
1.100000000000000066e-03,-1.000000000000000021e-03,-6.000000000000000125e-03,1.700000000000000122e-02,2.388011146637263743e-02
1.100000000000000066e-03,-1.000000000000000021e-03,-4.000000000000000083e-03,1.899999999999999953e-02,2.237045351244892552e-02
1.100000000000000066e-03,-8.999999999999999754e-04,-1.000000000000000021e-02,1.600000000000000033e-02,2.550595798789380073e-02
1.100000000000000066e-03,-6.999999999999999929e-04,-5.000000000000000104e-03,1.700000000000000122e-02,2.299774160286769883e-02
1.100000000000000066e-03,-5.999999999999999474e-04,-1.000000000000000021e-02,1.700000000000000122e-02,2.554410877788166473e-02
1.100000000000000066e-03,-5.999999999999999474e-04,-8.999999999999999320e-03,1.799999999999999864e-02,2.583953220626320976e-02
1.100000000000000066e-03,-5.999999999999999474e-04,-8.999999999999999320e-03,1.899999999999999953e-02,2.613600421487110789e-02
1.100000000000000066e-03,-4.000000000000000192e-04,-1.000000000000000021e-02,1.899999999999999953e-02,2.611148624185878273e-02
1.100000000000000066e-03,-2.000000000000000096e-04,-8.999999999999999320e-03,1.899999999999999953e-02,2.606859636975828939e-02
1.100000000000000066e-03,-2.000000000000000096e-04,-4.000000000000000083e-03,3.000000000000000062e-03,1.076259062583802967e-02
1.100000000000000066e-03,-1.000000000000000048e-04,-1.000000000000000021e-02,1.499999999999999944e-02,2.482315501915698108e-02
1.100000000000000066e-03,-1.000000000000000048e-04,-8.999999999999999320e-03,1.400000000000000029e-02,2.452328255126317441e-02
1.100000000000000066e-03,-1.000000000000000048e-04,-7.000000000000000146e-03,1.400000000000000029e-02,2.313608302280823273e-02
1.199999999999999895e-03,-3.299999999999999982e-03,-6.000000000000000125e-03,1.600000000000000033e-02,1.340028108863049530e-02
1.199999999999999895e-03,-1.899999999999999996e-03,-6.000000000000000125e-03,5.000000000000000104e-03,1.524959282191372043e-02
1.199999999999999895e-03,-1.500000000000000031e-03,-7.000000000000000146e-03,1.000000000000000021e-02,1.899471679548651176e-02
1.199999999999999895e-03,-1.500000000000000031e-03,-7.000000000000000146e-03,1.899999999999999953e-02,2.245282876853578469e-02
1.199999999999999895e-03,-1.199999999999999895e-03,-8.000000000000000167e-03,8.000000000000000167e-03,2.073905254844599089e-02
1.199999999999999895e-03,-1.100000000000000066e-03,-8.999999999999999320e-03,1.499999999999999944e-02,2.465649782453999822e-02
1.199999999999999895e-03,-1.100000000000000066e-03,-8.000000000000000167e-03,1.200000000000000025e-02,2.107093503788095429e-02
1.199999999999999895e-03,-1.100000000000000066e-03,-5.000000000000000104e-03,1.600000000000000033e-02,2.287066512988727984e-02
1.199999999999999895e-03,-8.000000000000000383e-04,-1.000000000000000021e-02,1.899999999999999953e-02,2.535837143352595233e-02
1.199999999999999895e-03,-6.999999999999999929e-04,-8.999999999999999320e-03,1.700000000000000122e-02,2.485447943071834170e-02
1.199999999999999895e-03,-5.999999999999999474e-04,-1.000000000000000021e-02,1.600000000000000033e-02,2.498971154350158180e-02
1.199999999999999895e-03,-5.000000000000000104e-04,-8.000000000000000167e-03,4.000000000000000083e-03,1.356040954211269398e-02
1.199999999999999895e-03,-4.000000000000000192e-04,-1.000000000000000021e-02,1.799999999999999864e-02,2.528342998586322402e-02
1.199999999999999895e-03,-4.000000000000000192e-04,-7.000000000000000146e-03,1.899999999999999953e-02,2.396877285051362064e-02
1.199999999999999895e-03,-2.000000000000000096e-04,-1.000000000000000021e-02,1.299999999999999940e-02,2.414611297787820632e-02
1.199999999999999895e-03,-1.000000000000000048e-04,-8.000000000000000167e-03,1.000000000000000021e-02,1.999934076038413153e-02
1.199999999999999895e-03,-1.000000000000000048e-04,-7.000000000000000146e-03,1.799999999999999864e-02,2.379636265415379509e-02
1.199999999999999895e-03,-1.000000000000000048e-04,-6.000000000000000125e-03,1.899999999999999953e-02,2.410485005106869152e-02
1.199999999999999895e-03,-1.000000000000000048e-04,-4.000000000000000083e-03,1.499999999999999944e-02,2.169284920048964935e-02
1.299999999999999940e-03,-4.799999999999999580e-03,-1.000000000000000021e-02,8.999999999999999320e-03,1.237614691221459312e-02
1.299999999999999940e-03,-4.300000000000000003e-03,-7.000000000000000146e-03,1.799999999999999864e-02,9.587745193424533283e-03
1.299999999999999940e-03,-4.100000000000000346e-03,-1.000000000000000021e-02,4.000000000000000083e-03,1.138936721714557850e-02
1.299999999999999940e-03,-2.599999999999999881e-03,-1.000000000000000021e-02,1.700000000000000122e-02,1.959158752707824969e-02
1.299999999999999940e-03,-1.799999999999999951e-03,-8.999999999999999320e-03,1.299999999999999940e-02,2.188099006595991061e-02
1.299999999999999940e-03,-8.000000000000000383e-04,-1.000000000000000021e-02,1.400000000000000029e-02,2.375008257038876275e-02
1.299999999999999940e-03,-5.000000000000000104e-04,-8.999999999999999320e-03,1.499999999999999944e-02,2.417962757927029013e-02
1.299999999999999940e-03,-1.000000000000000048e-04,-1.000000000000000021e-02,8.999999999999999320e-03,2.151296941058716133e-02
1.299999999999999940e-03,-1.000000000000000048e-04,-1.000000000000000021e-02,1.099999999999999936e-02,2.195361551898615191e-02
1.299999999999999940e-03,-1.000000000000000048e-04,-6.000000000000000125e-03,1.600000000000000033e-02,2.298278170212915070e-02
1.399999999999999986e-03,-4.700000000000000185e-03,-5.000000000000000104e-03,1.600000000000000033e-02,7.965543138421770850e-03
1.399999999999999986e-03,-2.799999999999999972e-03,-4.000000000000000083e-03,1.700000000000000122e-02,1.334431412844675792e-02
1.399999999999999986e-03,-2.599999999999999881e-03,-8.999999999999999320e-03,4.000000000000000083e-03,1.345658119902643467e-02
1.399999999999999986e-03,-1.399999999999999986e-03,-8.999999999999999320e-03,8.999999999999999320e-03,2.162981340907221828e-02
1.399999999999999986e-03,-4.000000000000000192e-04,-8.999999999999999320e-03,1.899999999999999953e-02,2.507672991977899848e-02
1.399999999999999986e-03,-1.000000000000000048e-04,-6.000000000000000125e-03,1.499999999999999944e-02,2.260133514957030423e-02
1.399999999999999986e-03,-1.000000000000000048e-04,-6.000000000000000125e-03,1.899999999999999953e-02,2.348642143341632751e-02
1.399999999999999986e-03,-1.000000000000000048e-04,-5.000000000000000104e-03,3.000000000000000062e-03,1.160448898591058021e-02
1.500000000000000031e-03,-5.000000000000000104e-03,-1.000000000000000021e-02,6.000000000000000125e-03,1.201749794954689102e-02
1.500000000000000031e-03,-4.499999999999999660e-03,-8.999999999999999320e-03,1.799999999999999864e-02,1.163769016869004025e-02
1.500000000000000031e-03,-1.799999999999999951e-03,-1.000000000000000021e-02,1.200000000000000025e-02,2.130060533029346989e-02
1.500000000000000031e-03,-1.199999999999999895e-03,-1.000000000000000021e-02,8.000000000000000167e-03,2.146062859194085293e-02
1.500000000000000031e-03,-8.999999999999999754e-04,-4.000000000000000083e-03,1.899999999999999953e-02,2.103288750583161282e-02
1.500000000000000031e-03,-5.999999999999999474e-04,-8.999999999999999320e-03,3.000000000000000062e-03,1.221946230370363554e-02
1.500000000000000031e-03,-1.000000000000000048e-04,-1.000000000000000021e-02,1.499999999999999944e-02,2.373436951436802902e-02
1.500000000000000031e-03,-1.000000000000000048e-04,-4.000000000000000083e-03,1.499999999999999944e-02,2.080322131967520319e-02
1.600000000000000077e-03,-4.199999999999999740e-03,-1.000000000000000021e-02,1.799999999999999864e-02,1.269724835714769809e-02
1.600000000000000077e-03,-4.100000000000000346e-03,-4.000000000000000083e-03,1.899999999999999953e-02,8.225508033532873825e-03
1.600000000000000077e-03,-1.600000000000000077e-03,-1.000000000000000021e-02,1.000000000000000021e-02,1.994142183399592871e-02
1.600000000000000077e-03,-1.000000000000000021e-03,-1.000000000000000021e-02,1.200000000000000025e-02,2.246512725811360134e-02
1.600000000000000077e-03,-1.000000000000000048e-04,-1.000000000000000021e-02,1.499999999999999944e-02,2.366063939733120333e-02
1.600000000000000077e-03,-1.000000000000000048e-04,-1.000000000000000021e-02,1.700000000000000122e-02,2.392055418431325575e-02
1.600000000000000077e-03,-1.000000000000000048e-04,-8.000000000000000167e-03,6.000000000000000125e-03,1.715824835624201947e-02
1.600000000000000077e-03,-1.000000000000000048e-04,-6.000000000000000125e-03,1.400000000000000029e-02,2.198981940428871434e-02
1.699999999999999905e-03,-2.299999999999999961e-03,-6.000000000000000125e-03,5.000000000000000104e-03,1.399825796223153757e-02
1.699999999999999905e-03,-2.999999999999999737e-04,-1.000000000000000021e-02,1.899999999999999953e-02,2.393214846926334377e-02
1.699999999999999905e-03,-2.999999999999999737e-04,-8.999999999999999320e-03,1.799999999999999864e-02,2.385975390995608708e-02
1.699999999999999905e-03,-1.000000000000000048e-04,-8.999999999999999320e-03,1.299999999999999940e-02,2.278621518388247377e-02
1.699999999999999905e-03,-1.000000000000000048e-04,-7.000000000000000146e-03,1.000000000000000021e-02,1.868434946094609320e-02
1.699999999999999905e-03,-1.000000000000000048e-04,-6.000000000000000125e-03,1.600000000000000033e-02,2.192383799404835909e-02
1.799999999999999951e-03,-4.000000000000000083e-03,-4.000000000000000083e-03,1.099999999999999936e-02,8.424146498169344729e-03
1.799999999999999951e-03,-3.000000000000000062e-03,-1.000000000000000021e-02,6.000000000000000125e-03,1.571262066388946776e-02
1.799999999999999951e-03,-5.999999999999999474e-04,-7.000000000000000146e-03,4.000000000000000083e-03,1.322934159872325363e-02
1.799999999999999951e-03,-1.000000000000000048e-04,-5.000000000000000104e-03,1.799999999999999864e-02,2.183003447167669239e-02
1.899999999999999996e-03,-4.899999999999999842e-03,-1.000000000000000021e-02,1.099999999999999936e-02,1.213562640043486761e-02
1.899999999999999996e-03,-2.399999999999999790e-03,-6.000000000000000125e-03,2.000000000000000042e-03,9.592827603832593253e-03
1.899999999999999996e-03,-1.799999999999999951e-03,-5.000000000000000104e-03,4.000000000000000083e-03,1.234521317358906051e-02
1.899999999999999996e-03,-1.000000000000000048e-04,-6.000000000000000125e-03,1.899999999999999953e-02,2.186230690148689357e-02
2.000000000000000042e-03,-4.400000000000000265e-03,-6.000000000000000125e-03,1.099999999999999936e-02,1.127485149372131103e-02
2.000000000000000042e-03,-2.799999999999999972e-03,-6.000000000000000125e-03,1.200000000000000025e-02,1.607290620978495468e-02
2.000000000000000042e-03,-2.099999999999999870e-03,-1.000000000000000021e-02,1.400000000000000029e-02,1.997078995977724647e-02
2.000000000000000042e-03,-1.699999999999999905e-03,-6.000000000000000125e-03,1.600000000000000033e-02,2.094009596485887220e-02
2.000000000000000042e-03,-1.399999999999999986e-03,-1.000000000000000021e-02,1.400000000000000029e-02,2.138710390355941585e-02
2.000000000000000042e-03,-1.199999999999999895e-03,-1.000000000000000021e-02,1.600000000000000033e-02,2.177539625871564161e-02
2.000000000000000042e-03,-1.000000000000000021e-03,-6.000000000000000125e-03,1.000000000000000021e-02,1.889216602654824467e-02
2.000000000000000042e-03,-8.999999999999999754e-04,-1.000000000000000021e-02,1.299999999999999940e-02,2.117492256032569090e-02
2.000000000000000042e-03,-8.999999999999999754e-04,-7.000000000000000146e-03,1.499999999999999944e-02,2.163838411838899661e-02
2.000000000000000042e-03,-1.000000000000000048e-04,-1.000000000000000021e-02,7.000000000000000146e-03,1.892793062904594287e-02
2.000000000000000042e-03,-1.000000000000000048e-04,-1.000000000000000021e-02,1.099999999999999936e-02,2.048862213135014057e-02
2.000000000000000042e-03,-1.000000000000000048e-04,-1.000000000000000021e-02,1.299999999999999940e-02,2.168298392897473684e-02
2.000000000000000042e-03,-1.000000000000000048e-04,-8.000000000000000167e-03,8.000000000000000167e-03,2.006864276883624579e-02
2.000000000000000042e-03,-1.000000000000000048e-04,-6.000000000000000125e-03,7.000000000000000146e-03,1.730031686926842074e-02
2.099999999999999870e-03,-4.499999999999999660e-03,-1.000000000000000021e-02,6.000000000000000125e-03,1.246715336497216005e-02
2.099999999999999870e-03,-4.400000000000000265e-03,-8.000000000000000167e-03,1.400000000000000029e-02,1.155976974894665568e-02
2.099999999999999870e-03,-4.199999999999999740e-03,-1.000000000000000021e-02,1.600000000000000033e-02,1.297336070377613608e-02
2.099999999999999870e-03,-4.199999999999999740e-03,-5.000000000000000104e-03,6.000000000000000125e-03,9.103477879368526357e-03
2.099999999999999870e-03,-2.799999999999999972e-03,-6.000000000000000125e-03,1.799999999999999864e-02,1.715798411525974385e-02
2.099999999999999870e-03,-2.599999999999999881e-03,-8.000000000000000167e-03,1.700000000000000122e-02,1.838163839612339673e-02
2.099999999999999870e-03,-2.000000000000000042e-03,-4.000000000000000083e-03,1.700000000000000122e-02,1.720405417809980561e-02
2.099999999999999870e-03,-1.100000000000000066e-03,-4.000000000000000083e-03,8.999999999999999320e-03,1.560548735836929726e-02
2.099999999999999870e-03,-5.000000000000000104e-04,-8.000000000000000167e-03,1.899999999999999953e-02,2.212661558037580176e-02
2.099999999999999870e-03,-1.000000000000000048e-04,-8.000000000000000167e-03,1.299999999999999940e-02,2.015139708270472993e-02
2.200000000000000133e-03,-3.399999999999999811e-03,-7.000000000000000146e-03,1.400000000000000029e-02,1.495740555004784061e-02
2.200000000000000133e-03,-1.000000000000000048e-04,-4.000000000000000083e-03,1.700000000000000122e-02,1.906517163212457719e-02
2.299999999999999961e-03,-3.500000000000000073e-03,-1.000000000000000021e-02,1.600000000000000033e-02,1.501043627164490475e-02
2.299999999999999961e-03,-3.000000000000000062e-03,-8.000000000000000167e-03,1.299999999999999940e-02,1.553964562066469449e-02
2.299999999999999961e-03,-1.600000000000000077e-03,-5.000000000000000104e-03,4.000000000000000083e-03,1.175437492131097168e-02
2.299999999999999961e-03,-1.000000000000000048e-04,-7.000000000000000146e-03,1.299999999999999940e-02,1.890953631744496377e-02
2.399999999999999790e-03,-4.400000000000000265e-03,-6.000000000000000125e-03,7.000000000000000146e-03,1.035087895083379970e-02
2.399999999999999790e-03,-4.000000000000000083e-03,-5.000000000000000104e-03,1.899999999999999953e-02,1.031187730573699009e-02
2.500000000000000052e-03,-4.199999999999999740e-03,-1.000000000000000021e-02,8.999999999999999320e-03,1.379489098228722788e-02
2.500000000000000052e-03,-4.199999999999999740e-03,-8.000000000000000167e-03,1.799999999999999864e-02,1.238267323020418760e-02
2.500000000000000052e-03,-3.899999999999999821e-03,-8.000000000000000167e-03,1.700000000000000122e-02,1.314323384711747929e-02
2.500000000000000052e-03,-8.999999999999999754e-04,-7.000000000000000146e-03,1.400000000000000029e-02,1.815461587660339646e-02
2.500000000000000052e-03,-1.000000000000000048e-04,-4.000000000000000083e-03,1.899999999999999953e-02,1.796386212731129056e-02
2.599999999999999881e-03,-2.000000000000000042e-03,-7.000000000000000146e-03,8.000000000000000167e-03,1.572143371776172846e-02
2.599999999999999881e-03,-5.999999999999999474e-04,-5.000000000000000104e-03,1.299999999999999940e-02,1.509429140860273771e-02
2.599999999999999881e-03,-1.000000000000000048e-04,-4.000000000000000083e-03,8.999999999999999320e-03,1.405017479590937521e-02
2.700000000000000143e-03,-3.200000000000000153e-03,-4.000000000000000083e-03,1.000000000000000021e-02,1.213612624917787854e-02
2.700000000000000143e-03,-2.799999999999999972e-03,-4.000000000000000083e-03,3.000000000000000062e-03,8.476665693729715581e-03
2.700000000000000143e-03,-2.399999999999999790e-03,-8.000000000000000167e-03,6.000000000000000125e-03,1.414962327669516164e-02
2.700000000000000143e-03,-1.199999999999999895e-03,-8.000000000000000167e-03,1.400000000000000029e-02,1.678008985160756028e-02
2.700000000000000143e-03,-1.199999999999999895e-03,-7.000000000000000146e-03,8.000000000000000167e-03,1.546724842877761699e-02
2.700000000000000143e-03,-1.000000000000000048e-04,-8.000000000000000167e-03,1.099999999999999936e-02,1.612214965564716038e-02
2.700000000000000143e-03,-1.000000000000000048e-04,-7.000000000000000146e-03,1.899999999999999953e-02,1.853379863857608847e-02
2.799999999999999972e-03,-3.500000000000000073e-03,-6.000000000000000125e-03,8.999999999999999320e-03,1.356899028597683722e-02
2.799999999999999972e-03,-1.100000000000000066e-03,-4.000000000000000083e-03,5.000000000000000104e-03,1.131831436821507247e-02
2.799999999999999972e-03,-8.999999999999999754e-04,-4.000000000000000083e-03,1.000000000000000021e-02,1.374704233822699601e-02
2.799999999999999972e-03,-2.999999999999999737e-04,-7.000000000000000146e-03,3.000000000000000062e-03,9.955275833853242939e-03
2.899999999999999800e-03,-3.000000000000000062e-03,-7.000000000000000146e-03,1.299999999999999940e-02,1.336849238322940399e-02
2.899999999999999800e-03,-2.500000000000000052e-03,-8.999999999999999320e-03,1.000000000000000021e-02,1.591747561476754974e-02
2.899999999999999800e-03,-2.500000000000000052e-03,-5.000000000000000104e-03,1.000000000000000021e-02,1.306430176482428415e-02
2.899999999999999800e-03,-1.699999999999999905e-03,-8.999999999999999320e-03,1.000000000000000021e-02,1.623273078672628211e-02
2.899999999999999800e-03,-8.999999999999999754e-04,-8.999999999999999320e-03,2.000000000000000042e-03,7.741713840232197080e-03
2.899999999999999800e-03,-1.000000000000000048e-04,-8.000000000000000167e-03,1.700000000000000122e-02,1.756132697831260664e-02
3.000000000000000062e-03,-3.200000000000000153e-03,-5.000000000000000104e-03,8.000000000000000167e-03,1.254484769325631827e-02
3.000000000000000062e-03,-2.099999999999999870e-03,-1.000000000000000021e-02,8.000000000000000167e-03,1.531189231364613046e-02
3.000000000000000062e-03,-2.099999999999999870e-03,-5.000000000000000104e-03,7.000000000000000146e-03,1.230320673180831589e-02
3.000000000000000062e-03,-1.600000000000000077e-03,-1.000000000000000021e-02,8.999999999999999320e-03,1.560931154019654273e-02
3.000000000000000062e-03,-1.000000000000000021e-03,-7.000000000000000146e-03,3.000000000000000062e-03,9.425844056380998023e-03
3.000000000000000062e-03,-8.999999999999999754e-04,-7.000000000000000146e-03,1.700000000000000122e-02,1.681618232809731911e-02
3.099999999999999891e-03,-4.899999999999999842e-03,-7.000000000000000146e-03,1.400000000000000029e-02,1.008114715779468915e-02
3.099999999999999891e-03,-2.299999999999999961e-03,-4.000000000000000083e-03,4.000000000000000083e-03,8.830121365431715941e-03
3.099999999999999891e-03,-1.699999999999999905e-03,-8.999999999999999320e-03,1.099999999999999936e-02,1.386704093415059603e-02
3.099999999999999891e-03,-1.500000000000000031e-03,-1.000000000000000021e-02,1.799999999999999864e-02,1.580667418634325999e-02
3.099999999999999891e-03,-1.299999999999999940e-03,-5.000000000000000104e-03,1.400000000000000029e-02,1.434816404763512160e-02
3.099999999999999891e-03,-5.999999999999999474e-04,-8.000000000000000167e-03,1.700000000000000122e-02,1.622349147893693139e-02
3.200000000000000153e-03,-3.399999999999999811e-03,-7.000000000000000146e-03,5.000000000000000104e-03,9.728113452733559013e-03
3.200000000000000153e-03,-2.599999999999999881e-03,-1.000000000000000021e-02,1.099999999999999936e-02,1.411888798202523207e-02
3.200000000000000153e-03,-2.200000000000000133e-03,-1.000000000000000021e-02,1.200000000000000025e-02,1.386803200462950227e-02
3.200000000000000153e-03,-2.000000000000000042e-03,-6.000000000000000125e-03,1.899999999999999953e-02,1.533475839138055512e-02
3.200000000000000153e-03,-1.600000000000000077e-03,-5.000000000000000104e-03,1.099999999999999936e-02,1.387641389664353610e-02
3.299999999999999982e-03,-3.700000000000000164e-03,-6.000000000000000125e-03,4.000000000000000083e-03,8.633267214692761857e-03
3.299999999999999982e-03,-2.099999999999999870e-03,-8.999999999999999320e-03,2.000000000000000042e-03,6.731557570217522497e-03
3.299999999999999982e-03,-1.000000000000000048e-04,-8.000000000000000167e-03,7.000000000000000146e-03,1.240763438267599578e-02
3.399999999999999811e-03,-3.700000000000000164e-03,-4.000000000000000083e-03,1.400000000000000029e-02,1.060799952627918506e-02
3.399999999999999811e-03,-3.200000000000000153e-03,-4.000000000000000083e-03,2.000000000000000042e-03,5.914918586524481672e-03
3.399999999999999811e-03,-2.599999999999999881e-03,-5.000000000000000104e-03,5.000000000000000104e-03,8.798351247030072875e-03
3.399999999999999811e-03,-8.999999999999999754e-04,-1.000000000000000021e-02,1.799999999999999864e-02,1.464712053276908711e-02
3.399999999999999811e-03,-8.000000000000000383e-04,-8.000000000000000167e-03,2.000000000000000042e-03,6.510665077987835489e-03
3.399999999999999811e-03,-2.000000000000000096e-04,-7.000000000000000146e-03,1.799999999999999864e-02,1.481088467390129573e-02
3.500000000000000073e-03,-4.300000000000000003e-03,-8.999999999999999320e-03,5.000000000000000104e-03,9.879621904560657170e-03
3.500000000000000073e-03,-4.100000000000000346e-03,-1.000000000000000021e-02,7.000000000000000146e-03,1.169176382326269845e-02
3.500000000000000073e-03,-2.299999999999999961e-03,-1.000000000000000021e-02,7.000000000000000146e-03,1.226752019780216751e-02
3.500000000000000073e-03,-2.000000000000000042e-03,-1.000000000000000021e-02,1.400000000000000029e-02,1.335139735012740893e-02
3.500000000000000073e-03,-1.500000000000000031e-03,-5.000000000000000104e-03,4.000000000000000083e-03,8.219129504923639723e-03
3.599999999999999901e-03,-5.000000000000000104e-03,-4.000000000000000083e-03,4.000000000000000083e-03,6.511414944334468352e-03
3.599999999999999901e-03,-3.799999999999999992e-03,-8.000000000000000167e-03,7.000000000000000146e-03,9.851700755959489145e-03
3.599999999999999901e-03,-5.000000000000000104e-04,-4.000000000000000083e-03,1.899999999999999953e-02,1.214561390697832012e-02
3.700000000000000164e-03,-4.300000000000000003e-03,-5.000000000000000104e-03,1.200000000000000025e-02,9.360341131146272114e-03
3.700000000000000164e-03,-4.000000000000000083e-03,-5.000000000000000104e-03,2.000000000000000042e-03,5.639286958648371054e-03
3.700000000000000164e-03,-2.500000000000000052e-03,-5.000000000000000104e-03,1.899999999999999953e-02,1.269275166489266388e-02
3.799999999999999992e-03,-5.000000000000000104e-03,-4.000000000000000083e-03,1.700000000000000122e-02,7.511345576733088371e-03
3.799999999999999992e-03,-3.500000000000000073e-03,-7.000000000000000146e-03,8.000000000000000167e-03,1.045589945203096068e-02
3.799999999999999992e-03,-2.899999999999999800e-03,-1.000000000000000021e-02,3.000000000000000062e-03,6.367896108335407979e-03
3.799999999999999992e-03,-5.999999999999999474e-04,-8.999999999999999320e-03,7.000000000000000146e-03,1.126277218927085322e-02
3.799999999999999992e-03,-2.000000000000000096e-04,-8.000000000000000167e-03,1.700000000000000122e-02,1.257832831036656031e-02
3.899999999999999821e-03,-4.599999999999999922e-03,-8.000000000000000167e-03,4.000000000000000083e-03,6.278410739210676939e-03
3.899999999999999821e-03,-3.399999999999999811e-03,-5.000000000000000104e-03,1.000000000000000021e-02,9.820140545477641994e-03
3.899999999999999821e-03,-2.700000000000000143e-03,-6.000000000000000125e-03,1.700000000000000122e-02,1.190536359940571123e-02
3.899999999999999821e-03,-5.999999999999999474e-04,-4.000000000000000083e-03,1.400000000000000029e-02,9.133916466113155622e-03
4.000000000000000083e-03,-2.000000000000000042e-03,-6.000000000000000125e-03,1.899999999999999953e-02,1.186790481801419141e-02
4.000000000000000083e-03,-2.999999999999999737e-04,-5.000000000000000104e-03,1.400000000000000029e-02,1.051169189170470669e-02
4.100000000000000346e-03,-5.000000000000000104e-03,-7.000000000000000146e-03,1.899999999999999953e-02,9.026262941673563953e-03
4.100000000000000346e-03,-4.599999999999999922e-03,-7.000000000000000146e-03,7.000000000000000146e-03,9.114028827874943658e-03
4.100000000000000346e-03,-4.400000000000000265e-03,-8.999999999999999320e-03,1.200000000000000025e-02,8.428638692647967209e-03
4.100000000000000346e-03,-3.099999999999999891e-03,-5.000000000000000104e-03,1.400000000000000029e-02,9.644673666903158873e-03
4.100000000000000346e-03,-2.399999999999999790e-03,-6.000000000000000125e-03,1.899999999999999953e-02,1.174455605737633086e-02
4.100000000000000346e-03,-2.099999999999999870e-03,-8.000000000000000167e-03,8.000000000000000167e-03,1.112216894712295123e-02
4.199999999999999740e-03,-1.500000000000000031e-03,-4.000000000000000083e-03,1.499999999999999944e-02,1.173598982092850448e-02
4.300000000000000003e-03,-4.599999999999999922e-03,-4.000000000000000083e-03,1.700000000000000122e-02,9.062223910466455160e-03
4.300000000000000003e-03,-4.100000000000000346e-03,-6.000000000000000125e-03,7.000000000000000146e-03,8.894636755857389734e-03
4.300000000000000003e-03,-3.799999999999999992e-03,-4.000000000000000083e-03,3.000000000000000062e-03,5.362898486600716809e-03
4.300000000000000003e-03,-2.299999999999999961e-03,-4.000000000000000083e-03,1.600000000000000033e-02,1.108025599973870394e-02
4.300000000000000003e-03,-1.500000000000000031e-03,-6.000000000000000125e-03,1.400000000000000029e-02,9.998458175094685277e-03
4.300000000000000003e-03,-1.199999999999999895e-03,-8.999999999999999320e-03,1.899999999999999953e-02,1.149791147281614689e-02
4.300000000000000003e-03,-1.100000000000000066e-03,-8.000000000000000167e-03,1.099999999999999936e-02,9.382645752396582758e-03
4.400000000000000265e-03,-2.700000000000000143e-03,-5.000000000000000104e-03,1.499999999999999944e-02,1.105705694526256007e-02
4.400000000000000265e-03,-2.299999999999999961e-03,-8.999999999999999320e-03,1.600000000000000033e-02,1.103577883853267515e-02
4.400000000000000265e-03,-4.000000000000000192e-04,-8.999999999999999320e-03,3.000000000000000062e-03,5.660846089392002241e-03
4.499999999999999660e-03,-4.499999999999999660e-03,-4.000000000000000083e-03,5.000000000000000104e-03,6.034099106504891945e-03
4.499999999999999660e-03,-3.700000000000000164e-03,-1.000000000000000021e-02,8.000000000000000167e-03,8.616409231738536567e-03
4.499999999999999660e-03,-3.599999999999999901e-03,-6.000000000000000125e-03,1.700000000000000122e-02,1.024360836656323590e-02
4.499999999999999660e-03,-1.199999999999999895e-03,-5.000000000000000104e-03,2.000000000000000042e-03,4.636670980309491423e-03
4.599999999999999922e-03,-4.700000000000000185e-03,-8.000000000000000167e-03,1.099999999999999936e-02,8.134922212947733391e-03
4.599999999999999922e-03,-2.700000000000000143e-03,-1.000000000000000021e-02,1.400000000000000029e-02,1.077563296879944198e-02
4.599999999999999922e-03,-1.600000000000000077e-03,-8.000000000000000167e-03,4.000000000000000083e-03,6.468003618477402919e-03
4.700000000000000185e-03,-4.700000000000000185e-03,-8.000000000000000167e-03,4.000000000000000083e-03,6.495363677731584053e-03
4.700000000000000185e-03,-4.599999999999999922e-03,-8.999999999999999320e-03,1.000000000000000021e-02,8.131863808428672555e-03
4.700000000000000185e-03,-2.700000000000000143e-03,-8.999999999999999320e-03,7.000000000000000146e-03,9.236826065973820221e-03
4.700000000000000185e-03,-5.000000000000000104e-04,-6.000000000000000125e-03,8.999999999999999320e-03,8.352542345260857357e-03
4.700000000000000185e-03,-1.000000000000000048e-04,-6.000000000000000125e-03,1.099999999999999936e-02,8.568778232854339094e-03
4.799999999999999580e-03,-8.000000000000000383e-04,-6.000000000000000125e-03,6.000000000000000125e-03,7.217442227009522419e-03
4.799999999999999580e-03,-2.999999999999999737e-04,-7.000000000000000146e-03,2.000000000000000042e-03,4.121312194887734662e-03
4.899999999999999842e-03,-5.000000000000000104e-03,-1.000000000000000021e-02,2.000000000000000042e-03,4.639141858533527528e-03
4.899999999999999842e-03,-5.000000000000000104e-03,-1.000000000000000021e-02,8.999999999999999320e-03,7.981623957414214071e-03
4.899999999999999842e-03,-5.000000000000000104e-03,-1.000000000000000021e-02,1.499999999999999944e-02,8.881075334833123461e-03
4.899999999999999842e-03,-5.000000000000000104e-03,-1.000000000000000021e-02,1.899999999999999953e-02,8.767831837136098524e-03
4.899999999999999842e-03,-5.000000000000000104e-03,-4.000000000000000083e-03,8.999999999999999320e-03,7.218034828871955355e-03
4.899999999999999842e-03,-5.000000000000000104e-03,-4.000000000000000083e-03,1.099999999999999936e-02,6.697975702045170371e-03
4.899999999999999842e-03,-5.000000000000000104e-03,-4.000000000000000083e-03,1.299999999999999940e-02,6.598181937759058611e-03
4.899999999999999842e-03,-5.000000000000000104e-03,-4.000000000000000083e-03,1.899999999999999953e-02,7.067282308944104058e-03
4.899999999999999842e-03,-4.599999999999999922e-03,-7.000000000000000146e-03,4.000000000000000083e-03,5.677256916261297186e-03
4.899999999999999842e-03,-4.100000000000000346e-03,-8.000000000000000167e-03,6.000000000000000125e-03,7.612741036773384810e-03
4.899999999999999842e-03,-3.200000000000000153e-03,-8.999999999999999320e-03,1.899999999999999953e-02,1.028845998921221368e-02
4.899999999999999842e-03,-2.599999999999999881e-03,-7.000000000000000146e-03,1.600000000000000033e-02,1.063339320902211352e-02
4.899999999999999842e-03,-1.899999999999999996e-03,-7.000000000000000146e-03,6.000000000000000125e-03,7.229509208267622181e-03
4.899999999999999842e-03,-1.799999999999999951e-03,-1.000000000000000021e-02,1.899999999999999953e-02,1.068916889577666528e-02
4.899999999999999842e-03,-1.500000000000000031e-03,-1.000000000000000021e-02,1.000000000000000021e-02,8.651226624928046519e-03
4.899999999999999842e-03,-1.000000000000000048e-04,-1.000000000000000021e-02,5.000000000000000104e-03,7.183893062046128007e-03
4.899999999999999842e-03,-1.000000000000000048e-04,-1.000000000000000021e-02,1.000000000000000021e-02,8.746170032076502204e-03
4.899999999999999842e-03,-1.000000000000000048e-04,-1.000000000000000021e-02,1.099999999999999936e-02,1.021671286186069498e-02
4.899999999999999842e-03,-1.000000000000000048e-04,-1.000000000000000021e-02,1.499999999999999944e-02,1.041488032128543538e-02
4.899999999999999842e-03,-1.000000000000000048e-04,-1.000000000000000021e-02,1.899999999999999953e-02,1.058182510140930413e-02
4.899999999999999842e-03,-1.000000000000000048e-04,-4.000000000000000083e-03,2.000000000000000042e-03,3.995645217554627884e-03
4.899999999999999842e-03,-1.000000000000000048e-04,-4.000000000000000083e-03,6.000000000000000125e-03,7.158819097738179822e-03
4.899999999999999842e-03,-1.000000000000000048e-04,-4.000000000000000083e-03,1.099999999999999936e-02,8.336328984191419822e-03
4.899999999999999842e-03,-1.000000000000000048e-04,-4.000000000000000083e-03,1.200000000000000025e-02,8.410170675446058258e-03
4.899999999999999842e-03,-1.000000000000000048e-04,-4.000000000000000083e-03,1.899999999999999953e-02,9.157709848249815862e-03
