2.000000000000000000e+01,1.000000000000000021e-03,4.000000000000000000e+00,1.000000000000000000e+00,5.000000000000000000e+01,5.000000000000000000e+00,1.000000000000000000e+00,9.900000000000000000e+01,2.000000000000000000e+01,1.000000000000000000e+00,1.000000000000000000e+00,1.000000000000000000e+00,1.000000000000000000e+00,0.000000000000000000e+00,1.000000000000000048e-04,-1.199999999999999895e-03,-5.000000000000000104e-03,1.600000000000000033e-02,0.000000000000000000e+00,7.937697780284080906e-03,3.000000000000000000e+01,6.956424093069173576e-04,2.856358937816772079e-04
2.000000000000000000e+01,2.000000000000000042e-03,1.000000000000000000e+00,1.000000000000000000e+00,4.000000000000000000e+01,2.000000000000000000e+01,4.000000000000000000e+01,9.900000000000000000e+01,2.000000000000000000e+01,2.000000000000000000e+00,1.000000000000000000e+00,0.000000000000000000e+00,1.000000000000000000e+00,1.000000000000000000e+00,1.699999999999999905e-03,-4.599999999999999922e-03,-8.999999999999999320e-03,1.099999999999999936e-02,1.000000000000000000e+01,3.808059060230961634e-02,4.000000000000000000e+01,1.374687514921542775e-03,9.417488541818202835e-04
2.000000000000000000e+01,2.000000000000000042e-03,2.000000000000000000e+00,0.000000000000000000e+00,3.000000000000000000e+01,5.000000000000000000e+00,3.000000000000000000e+00,9.900000000000000000e+01,2.000000000000000000e+01,1.000000000000000000e+00,0.000000000000000000e+00,1.000000000000000000e+00,1.000000000000000000e+00,0.000000000000000000e+00,1.399999999999999986e-03,-6.999999999999999929e-04,-7.000000000000000146e-03,3.000000000000000062e-03,1.000000000000000000e+01,2.778880508137904215e-03,5.000000000000000000e+01,7.005101852543932058e-04,5.557761016275808755e-05
2.000000000000000000e+01,2.000000000000000042e-03,4.000000000000000000e+00,0.000000000000000000e+00,3.000000000000000000e+01,5.000000000000000000e+00,1.000000000000000000e+01,9.900000000000000000e+01,2.000000000000000000e+01,0.000000000000000000e+00,1.000000000000000000e+00,0.000000000000000000e+00,1.000000000000000000e+00,1.000000000000000000e+00,0.000000000000000000e+00,-1.000000000000000048e-04,-6.000000000000000125e-03,4.000000000000000083e-03,2.000000000000000000e+01,8.612169467508445919e-02,5.000000000000000000e+01,1.498795494709641339e-03,1.664525974952841799e-03
2.000000000000000000e+01,2.000000000000000042e-03,6.000000000000000000e+00,1.000000000000000000e+00,4.000000000000000000e+01,5.000000000000000000e+00,1.000000000000000000e+00,9.900000000000000000e+01,2.000000000000000000e+01,1.000000000000000000e+00,0.000000000000000000e+00,1.000000000000000000e+00,1.000000000000000000e+00,1.000000000000000000e+00,0.000000000000000000e+00,-1.000000000000000048e-04,-6.000000000000000125e-03,2.000000000000000042e-03,2.000000000000000000e+01,6.738944940634183922e-02,4.000000000000000000e+01,8.326021621198074823e-04,1.635872421977219247e-03
2.000000000000000000e+01,3.000000000000000062e-03,3.000000000000000000e+00,1.000000000000000000e+00,3.000000000000000000e+01,5.000000000000000000e+00,5.000000000000000000e+00,9.900000000000000000e+01,2.000000000000000000e+01,1.000000000000000000e+00,1.000000000000000000e+00,0.000000000000000000e+00,1.000000000000000000e+00,0.000000000000000000e+00,2.999999999999999737e-04,-2.700000000000000143e-03,-5.000000000000000104e-03,1.400000000000000029e-02,0.000000000000000000e+00,5.481340264573475451e-02,5.000000000000000000e+01,1.541348006002172828e-03,1.095477307666581314e-03
2.000000000000000000e+01,4.000000000000000083e-03,3.000000000000000000e+00,1.000000000000000000e+00,3.000000000000000000e+01,5.000000000000000000e+00,1.000000000000000000e+01,9.900000000000000000e+01,2.000000000000000000e+01,1.000000000000000000e+00,1.000000000000000000e+00,0.000000000000000000e+00,1.000000000000000000e+00,0.000000000000000000e+00,0.000000000000000000e+00,-1.600000000000000077e-03,-8.999999999999999320e-03,5.000000000000000104e-03,5.000000000000000000e+00,1.211111675513791841e-01,5.000000000000000000e+01,1.529308623217083031e-03,2.305113194335039941e-03
2.000000000000000000e+01,4.000000000000000083e-03,8.000000000000000000e+00,0.000000000000000000e+00,5.000000000000000000e+01,2.000000000000000000e+01,1.000000000000000000e+01,9.900000000000000000e+01,2.000000000000000000e+01,0.000000000000000000e+00,0.000000000000000000e+00,0.000000000000000000e+00,1.000000000000000000e+00,0.000000000000000000e+00,3.799999999999999992e-03,-3.899999999999999821e-03,-6.000000000000000125e-03,1.899999999999999953e-02,2.000000000000000000e+01,0.000000000000000000e+00,3.000000000000000000e+01,1.288080194112792070e-03,0.000000000000000000e+00
2.000000000000000000e+01,4.000000000000000083e-03,8.000000000000000000e+00,2.000000000000000000e+00,2.000000000000000000e+01,5.000000000000000000e+00,5.000000000000000000e+00,9.900000000000000000e+01,2.000000000000000000e+01,1.000000000000000000e+00,1.000000000000000000e+00,1.000000000000000000e+00,1.000000000000000000e+00,0.000000000000000000e+00,2.999999999999999737e-04,-4.799999999999999580e-03,-8.999999999999999320e-03,4.000000000000000083e-03,5.000000000000000000e+00,1.140831772864416838e-01,6.000000000000000000e+01,1.024012672468778071e-03,1.815954852027906827e-03
4.000000000000000000e+01,1.000000000000000021e-03,1.000000000000000000e+00,0.000000000000000000e+00,5.000000000000000000e+01,1.000000000000000000e+01,3.000000000000000000e+00,9.900000000000000000e+01,2.000000000000000000e+01,2.000000000000000000e+00,1.000000000000000000e+00,0.000000000000000000e+00,1.000000000000000000e+00,0.000000000000000000e+00,2.999999999999999737e-04,-3.599999999999999901e-03,-4.000000000000000083e-03,4.000000000000000083e-03,2.000000000000000000e+01,7.978575334610926717e-02,3.000000000000000000e+01,1.348923445928052432e-03,2.566775968429724306e-03
4.000000000000000000e+01,1.000000000000000021e-03,2.000000000000000000e+00,1.000000000000000000e+00,3.000000000000000000e+01,5.000000000000000000e+00,3.000000000000000000e+00,9.900000000000000000e+01,2.000000000000000000e+01,1.000000000000000000e+00,0.000000000000000000e+00,1.000000000000000000e+00,1.000000000000000000e+00,0.000000000000000000e+00,2.000000000000000096e-04,-1.000000000000000048e-04,-1.000000000000000021e-02,1.099999999999999936e-02,5.000000000000000000e+00,4.512970669417359915e-03,5.000000000000000000e+01,7.578126830861337329e-04,1.032755160357612444e-04
4.000000000000000000e+01,2.000000000000000042e-03,1.000000000000000000e+00,1.000000000000000000e+00,5.000000000000000000e+01,1.000000000000000000e+01,1.000000000000000000e+00,9.900000000000000000e+01,2.000000000000000000e+01,2.000000000000000000e+00,1.000000000000000000e+00,0.000000000000000000e+00,1.000000000000000000e+00,0.000000000000000000e+00,5.000000000000000104e-04,-5.000000000000000104e-04,-5.000000000000000104e-03,2.000000000000000042e-03,2.000000000000000000e+01,4.077042021902532731e-02,3.000000000000000000e+01,1.238095642452203020e-03,1.334375293797958892e-03
4.000000000000000000e+01,2.000000000000000042e-03,1.000000000000000000e+00,1.000000000000000000e+00,5.000000000000000000e+01,1.000000000000000000e+01,3.000000000000000000e+00,9.900000000000000000e+01,2.000000000000000000e+01,2.000000000000000000e+00,1.000000000000000000e+00,0.000000000000000000e+00,1.000000000000000000e+00,0.000000000000000000e+00,5.000000000000000104e-04,-3.099999999999999891e-03,-8.999999999999999320e-03,4.000000000000000083e-03,2.000000000000000000e+01,6.258808683911398774e-02,3.000000000000000000e+01,1.281433217977997422e-03,2.035613239914020860e-03
4.000000000000000000e+01,2.000000000000000042e-03,2.000000000000000000e+00,1.000000000000000000e+00,5.000000000000000000e+01,1.000000000000000000e+01,3.000000000000000000e+00,9.900000000000000000e+01,2.000000000000000000e+01,2.000000000000000000e+00,1.000000000000000000e+00,0.000000000000000000e+00,1.000000000000000000e+00,1.000000000000000000e+00,2.999999999999999737e-04,-8.000000000000000383e-04,-5.000000000000000104e-03,2.000000000000000042e-03,2.000000000000000000e+01,4.652008892221948244e-02,3.000000000000000000e+01,1.464272641257689496e-03,1.519952397123081143e-03
4.000000000000000000e+01,2.000000000000000042e-03,3.000000000000000000e+00,2.000000000000000000e+00,3.000000000000000000e+01,1.000000000000000000e+01,5.000000000000000000e+00,9.900000000000000000e+01,2.000000000000000000e+01,1.000000000000000000e+00,0.000000000000000000e+00,0.000000000000000000e+00,1.000000000000000000e+00,1.000000000000000000e+00,0.000000000000000000e+00,-2.700000000000000143e-03,-5.000000000000000104e-03,5.000000000000000104e-03,0.000000000000000000e+00,5.827597876317680559e-02,5.000000000000000000e+01,1.547154695424749274e-03,1.143645816892277988e-03
4.000000000000000000e+01,2.000000000000000042e-03,6.000000000000000000e+00,1.000000000000000000e+00,2.000000000000000000e+01,5.000000000000000000e+00,2.000000000000000000e+01,9.900000000000000000e+01,2.000000000000000000e+01,0.000000000000000000e+00,0.000000000000000000e+00,1.000000000000000000e+00,1.000000000000000000e+00,1.000000000000000000e+00,1.000000000000000048e-04,-2.999999999999999737e-04,-8.000000000000000167e-03,5.000000000000000104e-03,1.000000000000000000e+01,1.102845956023263962e-01,6.000000000000000000e+01,1.368158743317609682e-03,1.761286408873287803e-03
4.000000000000000000e+01,2.000000000000000042e-03,7.000000000000000000e+00,1.000000000000000000e+00,2.000000000000000000e+01,5.000000000000000000e+00,2.000000000000000000e+01,9.900000000000000000e+01,2.000000000000000000e+01,1.000000000000000000e+00,0.000000000000000000e+00,1.000000000000000000e+00,1.000000000000000000e+00,1.000000000000000000e+00,0.000000000000000000e+00,-4.799999999999999580e-03,-8.999999999999999320e-03,1.200000000000000025e-02,5.000000000000000000e+00,9.833874441678713829e-02,6.000000000000000000e+01,1.361907321568567005e-03,1.599466935828040403e-03
4.000000000000000000e+01,2.000000000000000042e-03,8.000000000000000000e+00,0.000000000000000000e+00,3.000000000000000000e+01,2.000000000000000000e+01,1.000000000000000000e+01,9.900000000000000000e+01,2.000000000000000000e+01,0.000000000000000000e+00,1.000000000000000000e+00,0.000000000000000000e+00,1.000000000000000000e+00,1.000000000000000000e+00,0.000000000000000000e+00,-1.000000000000000048e-04,-4.000000000000000083e-03,2.000000000000000042e-03,2.000000000000000000e+01,5.962045424703266150e-02,5.000000000000000000e+01,1.456674449529256300e-03,1.162380115911152388e-03
4.000000000000000000e+01,3.000000000000000062e-03,1.000000000000000000e+00,1.000000000000000000e+00,5.000000000000000000e+01,1.000000000000000000e+01,3.000000000000000000e+00,9.900000000000000000e+01,2.000000000000000000e+01,1.000000000000000000e+00,0.000000000000000000e+00,1.000000000000000000e+00,1.000000000000000000e+00,0.000000000000000000e+00,0.000000000000000000e+00,-5.000000000000000104e-03,-4.000000000000000083e-03,2.000000000000000042e-03,2.000000000000000000e+01,1.165604498329031458e-02,3.000000000000000000e+01,6.289976464882627259e-04,3.893722549638452550e-04
4.000000000000000000e+01,3.000000000000000062e-03,1.000000000000000000e+00,1.000000000000000000e+00,5.000000000000000000e+01,1.000000000000000000e+01,1.000000000000000000e+01,9.900000000000000000e+01,2.000000000000000000e+01,1.000000000000000000e+00,0.000000000000000000e+00,1.000000000000000000e+00,1.000000000000000000e+00,0.000000000000000000e+00,3.799999999999999992e-03,-3.899999999999999821e-03,-6.000000000000000125e-03,1.899999999999999953e-02,2.000000000000000000e+01,0.000000000000000000e+00,3.000000000000000000e+01,6.402940344185074515e-04,0.000000000000000000e+00
4.000000000000000000e+01,3.000000000000000062e-03,5.000000000000000000e+00,2.000000000000000000e+00,2.000000000000000000e+01,5.000000000000000000e+00,2.000000000000000000e+01,9.900000000000000000e+01,2.000000000000000000e+01,1.000000000000000000e+00,1.000000000000000000e+00,0.000000000000000000e+00,1.000000000000000000e+00,1.000000000000000000e+00,3.799999999999999992e-03,-3.899999999999999821e-03,-6.000000000000000125e-03,1.899999999999999953e-02,2.000000000000000000e+01,0.000000000000000000e+00,6.000000000000000000e+01,1.536460761324882820e-03,0.000000000000000000e+00
4.000000000000000000e+01,4.000000000000000083e-03,6.000000000000000000e+00,0.000000000000000000e+00,2.000000000000000000e+01,1.000000000000000000e+01,1.000000000000000000e+01,9.900000000000000000e+01,2.000000000000000000e+01,1.000000000000000000e+00,0.000000000000000000e+00,1.000000000000000000e+00,1.000000000000000000e+00,1.000000000000000000e+00,0.000000000000000000e+00,-5.000000000000000104e-03,-8.999999999999999320e-03,4.000000000000000083e-03,5.000000000000000000e+00,1.140831772864416838e-01,6.000000000000000000e+01,9.497514535603678466e-04,1.815954852027906827e-03
4.000000000000000000e+01,4.000000000000000083e-03,6.000000000000000000e+00,1.000000000000000000e+00,5.000000000000000000e+01,5.000000000000000000e+00,4.000000000000000000e+01,9.900000000000000000e+01,2.000000000000000000e+01,1.000000000000000000e+00,1.000000000000000000e+00,0.000000000000000000e+00,1.000000000000000000e+00,0.000000000000000000e+00,0.000000000000000000e+00,-3.399999999999999811e-03,-5.000000000000000104e-03,1.799999999999999864e-02,2.000000000000000000e+01,2.727093208429320903e-02,3.000000000000000000e+01,1.291171651171872962e-03,9.232969982240398768e-04
6.000000000000000000e+01,1.000000000000000021e-03,8.000000000000000000e+00,0.000000000000000000e+00,5.000000000000000000e+01,2.000000000000000000e+01,4.000000000000000000e+01,9.900000000000000000e+01,2.000000000000000000e+01,1.000000000000000000e+00,0.000000000000000000e+00,0.000000000000000000e+00,1.000000000000000000e+00,0.000000000000000000e+00,0.000000000000000000e+00,-2.099999999999999870e-03,-5.000000000000000104e-03,1.000000000000000021e-02,2.000000000000000000e+01,5.381130209331197456e-02,3.000000000000000000e+01,1.291374056993093485e-03,1.774921488470274913e-03
6.000000000000000000e+01,2.000000000000000042e-03,2.000000000000000000e+00,2.000000000000000000e+00,3.000000000000000000e+01,1.000000000000000000e+01,4.000000000000000000e+01,9.900000000000000000e+01,2.000000000000000000e+01,1.000000000000000000e+00,1.000000000000000000e+00,1.000000000000000000e+00,1.000000000000000000e+00,1.000000000000000000e+00,1.000000000000000048e-04,-1.000000000000000048e-04,-5.000000000000000104e-03,2.000000000000000042e-03,2.000000000000000000e+01,6.175470482518963244e-02,5.000000000000000000e+01,7.719866982227463351e-04,1.202178687627244351e-03
6.000000000000000000e+01,3.000000000000000062e-03,6.000000000000000000e+00,2.000000000000000000e+00,5.000000000000000000e+01,1.000000000000000000e+01,5.000000000000000000e+00,9.900000000000000000e+01,2.000000000000000000e+01,2.000000000000000000e+00,0.000000000000000000e+00,1.000000000000000000e+00,1.000000000000000000e+00,0.000000000000000000e+00,3.799999999999999992e-03,-3.899999999999999821e-03,-6.000000000000000125e-03,1.899999999999999953e-02,2.000000000000000000e+01,0.000000000000000000e+00,3.000000000000000000e+01,6.971785394709447076e-04,0.000000000000000000e+00
6.000000000000000000e+01,4.000000000000000083e-03,3.000000000000000000e+00,1.000000000000000000e+00,3.000000000000000000e+01,1.000000000000000000e+01,4.000000000000000000e+01,9.900000000000000000e+01,2.000000000000000000e+01,0.000000000000000000e+00,0.000000000000000000e+00,1.000000000000000000e+00,1.000000000000000000e+00,1.000000000000000000e+00,1.000000000000000048e-04,-2.999999999999999737e-04,-6.000000000000000125e-03,2.000000000000000042e-03,2.000000000000000000e+01,7.283116148943569179e-02,5.000000000000000000e+01,7.562801985313689869e-04,1.410974946498646555e-03
6.000000000000000000e+01,4.000000000000000083e-03,4.000000000000000000e+00,2.000000000000000000e+00,5.000000000000000000e+01,2.000000000000000000e+01,3.000000000000000000e+00,9.900000000000000000e+01,2.000000000000000000e+01,2.000000000000000000e+00,0.000000000000000000e+00,1.000000000000000000e+00,1.000000000000000000e+00,1.000000000000000000e+00,3.799999999999999992e-03,-3.899999999999999821e-03,-6.000000000000000125e-03,1.899999999999999953e-02,2.000000000000000000e+01,0.000000000000000000e+00,3.000000000000000000e+01,6.514502940909679737e-04,0.000000000000000000e+00
8.000000000000000000e+01,1.000000000000000021e-03,1.000000000000000000e+00,0.000000000000000000e+00,3.000000000000000000e+01,2.000000000000000000e+01,4.000000000000000000e+01,9.900000000000000000e+01,2.000000000000000000e+01,1.000000000000000000e+00,0.000000000000000000e+00,0.000000000000000000e+00,1.000000000000000000e+00,0.000000000000000000e+00,1.100000000000000066e-03,-1.100000000000000066e-03,-5.000000000000000104e-03,1.499999999999999944e-02,0.000000000000000000e+00,3.799611121204748976e-02,5.000000000000000000e+01,1.281420002021225980e-03,7.571861715481964083e-04
8.000000000000000000e+01,2.000000000000000042e-03,5.000000000000000000e+00,2.000000000000000000e+00,3.000000000000000000e+01,2.000000000000000000e+01,1.000000000000000000e+01,9.900000000000000000e+01,2.000000000000000000e+01,2.000000000000000000e+00,0.000000000000000000e+00,0.000000000000000000e+00,1.000000000000000000e+00,1.000000000000000000e+00,0.000000000000000000e+00,-1.000000000000000048e-04,-8.999999999999999320e-03,5.000000000000000104e-03,5.000000000000000000e+00,1.412557927234314725e-01,5.000000000000000000e+01,1.512332106128781457e-03,2.659910132104799027e-03
8.000000000000000000e+01,2.000000000000000042e-03,6.000000000000000000e+00,2.000000000000000000e+00,3.000000000000000000e+01,2.000000000000000000e+01,1.000000000000000000e+01,9.900000000000000000e+01,2.000000000000000000e+01,2.000000000000000000e+00,0.000000000000000000e+00,0.000000000000000000e+00,1.000000000000000000e+00,1.000000000000000000e+00,0.000000000000000000e+00,-3.099999999999999891e-03,-6.000000000000000125e-03,1.299999999999999940e-02,0.000000000000000000e+00,6.809425257542622845e-02,5.000000000000000000e+01,1.434835598319714710e-03,1.346325550398261902e-03
8.000000000000000000e+01,3.000000000000000062e-03,5.000000000000000000e+00,2.000000000000000000e+00,3.000000000000000000e+01,5.000000000000000000e+00,5.000000000000000000e+00,9.900000000000000000e+01,2.000000000000000000e+01,1.000000000000000000e+00,1.000000000000000000e+00,0.000000000000000000e+00,1.000000000000000000e+00,1.000000000000000000e+00,0.000000000000000000e+00,-1.000000000000000048e-04,-7.000000000000000146e-03,6.000000000000000125e-03,5.000000000000000000e+00,1.504491572036115166e-02,5.000000000000000000e+01,1.552193785181900723e-03,3.014099478142040619e-04
8.000000000000000000e+01,3.000000000000000062e-03,7.000000000000000000e+00,1.000000000000000000e+00,3.000000000000000000e+01,2.000000000000000000e+01,5.000000000000000000e+00,9.900000000000000000e+01,2.000000000000000000e+01,1.000000000000000000e+00,1.000000000000000000e+00,0.000000000000000000e+00,1.000000000000000000e+00,1.000000000000000000e+00,3.799999999999999992e-03,-3.899999999999999821e-03,-6.000000000000000125e-03,1.899999999999999953e-02,2.000000000000000000e+01,0.000000000000000000e+00,5.000000000000000000e+01,1.717077500170333766e-03,0.000000000000000000e+00
8.000000000000000000e+01,4.000000000000000083e-03,2.000000000000000000e+00,1.000000000000000000e+00,4.000000000000000000e+01,1.000000000000000000e+01,1.000000000000000000e+01,9.900000000000000000e+01,2.000000000000000000e+01,0.000000000000000000e+00,0.000000000000000000e+00,1.000000000000000000e+00,1.000000000000000000e+00,1.000000000000000000e+00,2.000000000000000096e-04,-5.999999999999999474e-04,-4.000000000000000083e-03,5.000000000000000104e-03,0.000000000000000000e+00,4.513312260423019140e-02,4.000000000000000000e+01,7.141997282238375655e-04,1.116147365487671437e-03
8.000000000000000000e+01,4.000000000000000083e-03,7.000000000000000000e+00,2.000000000000000000e+00,3.000000000000000000e+01,2.000000000000000000e+01,1.000000000000000000e+01,9.900000000000000000e+01,2.000000000000000000e+01,2.000000000000000000e+00,1.000000000000000000e+00,0.000000000000000000e+00,1.000000000000000000e+00,0.000000000000000000e+00,0.000000000000000000e+00,-1.000000000000000048e-04,-1.000000000000000021e-02,5.000000000000000104e-03,5.000000000000000000e+00,1.388990854764287075e-01,5.000000000000000000e+01,1.509509944719519868e-03,2.618575173211472665e-03
1.000000000000000000e+02,1.000000000000000021e-03,1.000000000000000000e+00,1.000000000000000000e+00,4.000000000000000000e+01,1.000000000000000000e+01,3.000000000000000000e+01,9.900000000000000000e+01,2.000000000000000000e+01,2.000000000000000000e+00,1.000000000000000000e+00,0.000000000000000000e+00,1.000000000000000000e+00,1.000000000000000000e+00,0.000000000000000000e+00,-1.600000000000000077e-03,-7.000000000000000146e-03,2.000000000000000042e-03,2.000000000000000000e+01,4.988608093003699118e-02,4.000000000000000000e+01,1.324019788613401642e-03,1.224277640653459497e-03
1.000000000000000000e+02,1.000000000000000021e-03,2.000000000000000000e+00,1.000000000000000000e+00,3.000000000000000000e+01,1.000000000000000000e+01,3.000000000000000000e+00,9.900000000000000000e+01,2.000000000000000000e+01,0.000000000000000000e+00,0.000000000000000000e+00,1.000000000000000000e+00,1.000000000000000000e+00,1.000000000000000000e+00,2.000000000000000096e-04,-1.000000000000000021e-03,-5.000000000000000104e-03,1.600000000000000033e-02,0.000000000000000000e+00,5.299389522478548109e-02,5.000000000000000000e+01,6.546372768231770254e-04,1.057789469559762335e-03
1.000000000000000000e+02,1.000000000000000021e-03,3.000000000000000000e+00,0.000000000000000000e+00,2.000000000000000000e+01,1.000000000000000000e+01,3.000000000000000000e+01,9.900000000000000000e+01,2.000000000000000000e+01,2.000000000000000000e+00,1.000000000000000000e+00,1.000000000000000000e+00,1.000000000000000000e+00,0.000000000000000000e+00,0.000000000000000000e+00,-2.599999999999999881e-03,-6.000000000000000125e-03,2.000000000000000042e-03,2.000000000000000000e+01,4.642204379164849293e-02,6.000000000000000000e+01,8.471279210815985073e-04,7.597219566966517896e-04
1.000000000000000000e+02,1.000000000000000021e-03,5.000000000000000000e+00,0.000000000000000000e+00,4.000000000000000000e+01,1.000000000000000000e+01,1.000000000000000000e+00,9.900000000000000000e+01,2.000000000000000000e+01,0.000000000000000000e+00,1.000000000000000000e+00,1.000000000000000000e+00,1.000000000000000000e+00,1.000000000000000000e+00,1.100000000000000066e-03,-1.299999999999999940e-03,-7.000000000000000146e-03,8.999999999999999320e-03,0.000000000000000000e+00,8.994537964895399362e-02,4.000000000000000000e+01,1.306710558482757426e-03,2.177777262990660163e-03
1.000000000000000000e+02,1.000000000000000021e-03,5.000000000000000000e+00,1.000000000000000000e+00,4.000000000000000000e+01,1.000000000000000000e+01,1.000000000000000000e+00,9.900000000000000000e+01,2.000000000000000000e+01,1.000000000000000000e+00,1.000000000000000000e+00,1.000000000000000000e+00,1.000000000000000000e+00,1.000000000000000000e+00,1.000000000000000021e-03,-2.999999999999999737e-04,-4.000000000000000083e-03,4.000000000000000083e-03,0.000000000000000000e+00,8.924639655858923604e-02,4.000000000000000000e+01,1.086403066646477508e-03,2.146162546258767456e-03
1.000000000000000000e+02,1.000000000000000021e-03,8.000000000000000000e+00,2.000000000000000000e+00,4.000000000000000000e+01,5.000000000000000000e+00,1.000000000000000000e+01,9.900000000000000000e+01,2.000000000000000000e+01,2.000000000000000000e+00,0.000000000000000000e+00,0.000000000000000000e+00,1.000000000000000000e+00,0.000000000000000000e+00,0.000000000000000000e+00,-1.000000000000000048e-04,-1.000000000000000021e-02,2.000000000000000042e-03,2.000000000000000000e+01,2.689839572754992858e-02,4.000000000000000000e+01,1.552888927001620529e-03,6.751972110478288375e-04
1.000000000000000000e+02,1.000000000000000021e-03,8.000000000000000000e+00,2.000000000000000000e+00,5.000000000000000000e+01,5.000000000000000000e+00,1.000000000000000000e+00,9.900000000000000000e+01,2.000000000000000000e+01,1.000000000000000000e+00,1.000000000000000000e+00,1.000000000000000000e+00,1.000000000000000000e+00,0.000000000000000000e+00,2.000000000000000096e-04,-3.000000000000000062e-03,-7.000000000000000146e-03,1.400000000000000029e-02,2.000000000000000000e+01,9.162231933860232047e-03,3.000000000000000000e+01,6.701184776699279548e-04,3.089028878052032189e-04
1.000000000000000000e+02,2.000000000000000042e-03,1.000000000000000000e+00,1.000000000000000000e+00,3.000000000000000000e+01,1.000000000000000000e+01,2.000000000000000000e+01,9.900000000000000000e+01,2.000000000000000000e+01,2.000000000000000000e+00,1.000000000000000000e+00,1.000000000000000000e+00,1.000000000000000000e+00,1.000000000000000000e+00,0.000000000000000000e+00,-3.799999999999999992e-03,-5.000000000000000104e-03,6.000000000000000125e-03,0.000000000000000000e+00,9.233458252336212979e-02,5.000000000000000000e+01,9.141320144552461452e-04,1.782850689796977670e-03
1.000000000000000000e+02,2.000000000000000042e-03,3.000000000000000000e+00,1.000000000000000000e+00,4.000000000000000000e+01,1.000000000000000000e+01,1.000000000000000000e+00,9.900000000000000000e+01,2.000000000000000000e+01,0.000000000000000000e+00,1.000000000000000000e+00,1.000000000000000000e+00,1.000000000000000000e+00,1.000000000000000000e+00,8.000000000000000383e-04,-1.299999999999999940e-03,-5.000000000000000104e-03,1.600000000000000033e-02,0.000000000000000000e+00,6.235424165922198725e-02,4.000000000000000000e+01,1.075479964559832892e-03,1.538004159785605254e-03
1.000000000000000000e+02,2.000000000000000042e-03,4.000000000000000000e+00,1.000000000000000000e+00,4.000000000000000000e+01,1.000000000000000000e+01,1.000000000000000000e+00,9.900000000000000000e+01,2.000000000000000000e+01,0.000000000000000000e+00,1.000000000000000000e+00,0.000000000000000000e+00,1.000000000000000000e+00,0.000000000000000000e+00,0.000000000000000000e+00,-1.000000000000000048e-04,-6.000000000000000125e-03,4.000000000000000083e-03,2.000000000000000000e+01,7.288432855135762445e-02,4.000000000000000000e+01,1.815417920798639102e-03,1.771491116853893353e-03
1.000000000000000000e+02,2.000000000000000042e-03,5.000000000000000000e+00,1.000000000000000000e+00,4.000000000000000000e+01,1.000000000000000000e+01,1.000000000000000000e+00,9.900000000000000000e+01,2.000000000000000000e+01,0.000000000000000000e+00,1.000000000000000000e+00,1.000000000000000000e+00,1.000000000000000000e+00,1.000000000000000000e+00,2.999999999999999737e-04,-5.000000000000000104e-03,-4.000000000000000083e-03,1.400000000000000029e-02,1.000000000000000000e+01,9.180502367122667096e-02,4.000000000000000000e+01,1.044071793697938901e-03,2.222805097316213254e-03
1.000000000000000000e+02,4.000000000000000083e-03,1.000000000000000000e+00,0.000000000000000000e+00,2.000000000000000000e+01,1.000000000000000000e+01,4.000000000000000000e+01,9.900000000000000000e+01,2.000000000000000000e+01,1.000000000000000000e+00,1.000000000000000000e+00,1.000000000000000000e+00,1.000000000000000000e+00,1.000000000000000000e+00,2.099999999999999870e-03,-1.000000000000000021e-03,-6.000000000000000125e-03,1.400000000000000029e-02,2.000000000000000000e+01,4.703681599663145363e-02,6.000000000000000000e+01,7.512409219060627984e-04,7.705309744196790159e-04
1.000000000000000000e+02,4.000000000000000083e-03,2.000000000000000000e+00,1.000000000000000000e+00,4.000000000000000000e+01,1.000000000000000000e+01,2.000000000000000000e+01,9.900000000000000000e+01,2.000000000000000000e+01,2.000000000000000000e+00,1.000000000000000000e+00,0.000000000000000000e+00,1.000000000000000000e+00,0.000000000000000000e+00,0.000000000000000000e+00,-3.299999999999999982e-03,-6.000000000000000125e-03,8.999999999999999320e-03,2.000000000000000000e+01,7.699905351510771823e-02,4.000000000000000000e+01,1.523132971081982362e-03,1.878971735045079170e-03
1.000000000000000000e+02,4.000000000000000083e-03,3.000000000000000000e+00,2.000000000000000000e+00,4.000000000000000000e+01,1.000000000000000000e+01,1.000000000000000000e+00,9.900000000000000000e+01,2.000000000000000000e+01,0.000000000000000000e+00,0.000000000000000000e+00,0.000000000000000000e+00,1.000000000000000000e+00,0.000000000000000000e+00,0.000000000000000000e+00,-1.399999999999999986e-03,-4.000000000000000083e-03,1.600000000000000033e-02,0.000000000000000000e+00,4.631208425210453505e-02,4.000000000000000000e+01,1.500483850818521477e-03,1.158985950983659838e-03
1.000000000000000000e+02,4.000000000000000083e-03,4.000000000000000000e+00,2.000000000000000000e+00,4.000000000000000000e+01,1.000000000000000000e+01,1.000000000000000000e+00,9.900000000000000000e+01,2.000000000000000000e+01,0.000000000000000000e+00,1.000000000000000000e+00,1.000000000000000000e+00,1.000000000000000000e+00,1.000000000000000000e+00,0.000000000000000000e+00,-3.700000000000000164e-03,-4.000000000000000083e-03,1.099999999999999936e-02,2.000000000000000000e+01,6.789820241017774372e-02,4.000000000000000000e+01,9.524075337349075659e-04,1.667111608629245944e-03
1.000000000000000000e+02,4.000000000000000083e-03,5.000000000000000000e+00,1.000000000000000000e+00,3.000000000000000000e+01,1.000000000000000000e+01,2.000000000000000000e+01,9.900000000000000000e+01,2.000000000000000000e+01,2.000000000000000000e+00,0.000000000000000000e+00,0.000000000000000000e+00,1.000000000000000000e+00,1.000000000000000000e+00,2.000000000000000096e-04,-1.600000000000000077e-03,-5.000000000000000104e-03,2.000000000000000042e-03,2.000000000000000000e+01,7.431453650781882914e-02,5.000000000000000000e+01,1.517557133164414715e-03,1.438925097702945530e-03
1.200000000000000000e+02,1.000000000000000021e-03,2.000000000000000000e+00,0.000000000000000000e+00,2.000000000000000000e+01,1.000000000000000000e+01,3.000000000000000000e+00,9.900000000000000000e+01,2.000000000000000000e+01,0.000000000000000000e+00,0.000000000000000000e+00,1.000000000000000000e+00,1.000000000000000000e+00,0.000000000000000000e+00,1.000000000000000048e-04,-1.199999999999999895e-03,-5.000000000000000104e-03,1.600000000000000033e-02,0.000000000000000000e+00,2.128731972620157009e-02,6.000000000000000000e+01,6.590157414134646847e-04,3.717772933201024749e-04
1.200000000000000000e+02,1.000000000000000021e-03,5.000000000000000000e+00,1.000000000000000000e+00,4.000000000000000000e+01,2.000000000000000000e+01,3.000000000000000000e+01,9.900000000000000000e+01,2.000000000000000000e+01,2.000000000000000000e+00,0.000000000000000000e+00,1.000000000000000000e+00,1.000000000000000000e+00,0.000000000000000000e+00,0.000000000000000000e+00,-2.399999999999999790e-03,-7.000000000000000146e-03,1.899999999999999953e-02,1.000000000000000000e+01,3.472609304122609153e-02,4.000000000000000000e+01,8.236764489187857908e-04,8.796344855634935078e-04
1.200000000000000000e+02,2.000000000000000042e-03,1.000000000000000000e+00,1.000000000000000000e+00,5.000000000000000000e+01,5.000000000000000000e+00,5.000000000000000000e+00,9.900000000000000000e+01,2.000000000000000000e+01,0.000000000000000000e+00,0.000000000000000000e+00,0.000000000000000000e+00,1.000000000000000000e+00,0.000000000000000000e+00,1.000000000000000048e-04,-8.999999999999999754e-04,-5.000000000000000104e-03,1.600000000000000033e-02,0.000000000000000000e+00,4.090028011739699210e-02,3.000000000000000000e+01,1.092522436955238986e-03,1.357884408834253518e-03
1.200000000000000000e+02,2.000000000000000042e-03,1.000000000000000000e+00,2.000000000000000000e+00,2.000000000000000000e+01,5.000000000000000000e+00,3.000000000000000000e+00,9.900000000000000000e+01,2.000000000000000000e+01,2.000000000000000000e+00,0.000000000000000000e+00,1.000000000000000000e+00,1.000000000000000000e+00,0.000000000000000000e+00,2.299999999999999961e-03,-1.000000000000000048e-04,-1.000000000000000021e-02,2.000000000000000042e-03,1.000000000000000000e+01,2.574598358728419356e-03,6.000000000000000000e+01,7.502277436438650315e-04,4.309148511779844202e-05
1.200000000000000000e+02,2.000000000000000042e-03,3.000000000000000000e+00,1.000000000000000000e+00,4.000000000000000000e+01,2.000000000000000000e+01,5.000000000000000000e+00,9.900000000000000000e+01,2.000000000000000000e+01,0.000000000000000000e+00,1.000000000000000000e+00,1.000000000000000000e+00,1.000000000000000000e+00,0.000000000000000000e+00,2.999999999999999737e-04,-1.299999999999999940e-03,-8.999999999999999320e-03,1.099999999999999936e-02,2.000000000000000000e+01,5.139606389777751083e-02,4.000000000000000000e+01,7.751360417530617827e-04,1.286514344834835486e-03
1.200000000000000000e+02,2.000000000000000042e-03,4.000000000000000000e+00,0.000000000000000000e+00,5.000000000000000000e+01,5.000000000000000000e+00,1.000000000000000000e+00,9.900000000000000000e+01,2.000000000000000000e+01,2.000000000000000000e+00,0.000000000000000000e+00,0.000000000000000000e+00,1.000000000000000000e+00,1.000000000000000000e+00,1.000000000000000048e-04,-5.000000000000000104e-04,-7.000000000000000146e-03,2.000000000000000042e-03,2.000000000000000000e+01,4.217659822203256859e-02,3.000000000000000000e+01,1.333260428791440463e-03,1.382793770421408743e-03
1.200000000000000000e+02,2.000000000000000042e-03,4.000000000000000000e+00,2.000000000000000000e+00,4.000000000000000000e+01,2.000000000000000000e+01,5.000000000000000000e+00,9.900000000000000000e+01,2.000000000000000000e+01,0.000000000000000000e+00,1.000000000000000000e+00,0.000000000000000000e+00,1.000000000000000000e+00,0.000000000000000000e+00,2.000000000000000096e-04,-4.899999999999999842e-03,-8.999999999999999320e-03,4.000000000000000083e-03,1.000000000000000000e+01,5.146898727558069098e-02,4.000000000000000000e+01,1.738398493494389824e-03,1.270540350291068845e-03
1.200000000000000000e+02,2.000000000000000042e-03,8.000000000000000000e+00,2.000000000000000000e+00,5.000000000000000000e+01,2.000000000000000000e+01,2.000000000000000000e+01,9.900000000000000000e+01,2.000000000000000000e+01,2.000000000000000000e+00,0.000000000000000000e+00,0.000000000000000000e+00,1.000000000000000000e+00,0.000000000000000000e+00,3.799999999999999992e-03,-3.899999999999999821e-03,-6.000000000000000125e-03,1.899999999999999953e-02,2.000000000000000000e+01,0.000000000000000000e+00,3.000000000000000000e+01,1.285792226674586881e-03,0.000000000000000000e+00
1.200000000000000000e+02,3.000000000000000062e-03,1.000000000000000000e+00,0.000000000000000000e+00,5.000000000000000000e+01,1.000000000000000000e+01,1.000000000000000000e+01,9.900000000000000000e+01,2.000000000000000000e+01,1.000000000000000000e+00,0.000000000000000000e+00,1.000000000000000000e+00,1.000000000000000000e+00,1.000000000000000000e+00,0.000000000000000000e+00,-1.000000000000000021e-03,-5.000000000000000104e-03,2.000000000000000042e-03,2.000000000000000000e+01,2.863583047651685476e-02,3.000000000000000000e+01,5.961553936311054808e-04,9.443760762842442471e-04
1.200000000000000000e+02,3.000000000000000062e-03,1.000000000000000000e+00,1.000000000000000000e+00,5.000000000000000000e+01,5.000000000000000000e+00,5.000000000000000000e+00,9.900000000000000000e+01,2.000000000000000000e+01,1.000000000000000000e+00,0.000000000000000000e+00,0.000000000000000000e+00,1.000000000000000000e+00,1.000000000000000000e+00,0.000000000000000000e+00,-5.999999999999999474e-04,-8.000000000000000167e-03,8.000000000000000167e-03,2.000000000000000000e+01,5.456424208973320589e-02,3.000000000000000000e+01,1.103035447379206203e-03,1.792224529598843976e-03
1.200000000000000000e+02,3.000000000000000062e-03,6.000000000000000000e+00,1.000000000000000000e+00,5.000000000000000000e+01,5.000000000000000000e+00,1.000000000000000000e+00,9.900000000000000000e+01,2.000000000000000000e+01,1.000000000000000000e+00,0.000000000000000000e+00,1.000000000000000000e+00,1.000000000000000000e+00,1.000000000000000000e+00,2.000000000000000096e-04,-3.000000000000000062e-03,-7.000000000000000146e-03,1.400000000000000029e-02,2.000000000000000000e+01,3.019337872950234036e-02,3.000000000000000000e+01,8.248790059271584370e-04,9.953833796745377611e-04
1.200000000000000000e+02,3.000000000000000062e-03,8.000000000000000000e+00,0.000000000000000000e+00,5.000000000000000000e+01,5.000000000000000000e+00,1.000000000000000000e+01,9.900000000000000000e+01,2.000000000000000000e+01,2.000000000000000000e+00,0.000000000000000000e+00,0.000000000000000000e+00,1.000000000000000000e+00,0.000000000000000000e+00,3.799999999999999992e-03,-3.899999999999999821e-03,-6.000000000000000125e-03,1.899999999999999953e-02,2.000000000000000000e+01,0.000000000000000000e+00,3.000000000000000000e+01,1.286187733827857472e-03,0.000000000000000000e+00
1.200000000000000000e+02,4.000000000000000083e-03,3.000000000000000000e+00,0.000000000000000000e+00,4.000000000000000000e+01,2.000000000000000000e+01,1.000000000000000000e+00,9.900000000000000000e+01,2.000000000000000000e+01,2.000000000000000000e+00,0.000000000000000000e+00,1.000000000000000000e+00,1.000000000000000000e+00,1.000000000000000000e+00,0.000000000000000000e+00,-4.799999999999999580e-03,-6.000000000000000125e-03,8.999999999999999320e-03,2.000000000000000000e+01,7.447154581386827843e-02,4.000000000000000000e+01,9.462017477660456194e-04,1.820657294806199466e-03
1.200000000000000000e+02,4.000000000000000083e-03,5.000000000000000000e+00,0.000000000000000000e+00,3.000000000000000000e+01,1.000000000000000000e+01,4.000000000000000000e+01,9.900000000000000000e+01,2.000000000000000000e+01,1.000000000000000000e+00,1.000000000000000000e+00,0.000000000000000000e+00,1.000000000000000000e+00,0.000000000000000000e+00,0.000000000000000000e+00,-2.099999999999999870e-03,-5.000000000000000104e-03,1.400000000000000029e-02,0.000000000000000000e+00,5.605561659064406399e-02,5.000000000000000000e+01,1.431593597570942917e-03,1.120922882121828598e-03
1.200000000000000000e+02,4.000000000000000083e-03,6.000000000000000000e+00,1.000000000000000000e+00,3.000000000000000000e+01,1.000000000000000000e+01,4.000000000000000000e+01,9.900000000000000000e+01,2.000000000000000000e+01,1.000000000000000000e+00,1.000000000000000000e+00,0.000000000000000000e+00,1.000000000000000000e+00,0.000000000000000000e+00,0.000000000000000000e+00,-1.500000000000000031e-03,-8.999999999999999320e-03,5.000000000000000104e-03,5.000000000000000000e+00,1.211111675513791841e-01,5.000000000000000000e+01,1.429085494863897333e-03,2.305113194335039941e-03
1.200000000000000000e+02,4.000000000000000083e-03,6.000000000000000000e+00,2.000000000000000000e+00,3.000000000000000000e+01,1.000000000000000000e+01,4.000000000000000000e+01,9.900000000000000000e+01,2.000000000000000000e+01,2.000000000000000000e+00,1.000000000000000000e+00,1.000000000000000000e+00,1.000000000000000000e+00,0.000000000000000000e+00,0.000000000000000000e+00,-2.999999999999999737e-04,-4.000000000000000083e-03,1.200000000000000025e-02,0.000000000000000000e+00,9.320652644782545515e-02,5.000000000000000000e+01,7.540837788488425264e-04,1.808434567162842121e-03
1.200000000000000000e+02,4.000000000000000083e-03,7.000000000000000000e+00,1.000000000000000000e+00,3.000000000000000000e+01,1.000000000000000000e+01,4.000000000000000000e+01,9.900000000000000000e+01,2.000000000000000000e+01,1.000000000000000000e+00,1.000000000000000000e+00,0.000000000000000000e+00,1.000000000000000000e+00,0.000000000000000000e+00,1.000000000000000048e-04,-2.200000000000000133e-03,-6.000000000000000125e-03,4.000000000000000083e-03,2.000000000000000000e+01,8.627218957527382770e-02,5.000000000000000000e+01,1.436360753781926658e-03,1.667307959685866399e-03
1.200000000000000000e+02,4.000000000000000083e-03,8.000000000000000000e+00,1.000000000000000000e+00,4.000000000000000000e+01,2.000000000000000000e+01,1.000000000000000000e+00,9.900000000000000000e+01,2.000000000000000000e+01,1.000000000000000000e+00,0.000000000000000000e+00,0.000000000000000000e+00,1.000000000000000000e+00,1.000000000000000000e+00,0.000000000000000000e+00,-2.999999999999999737e-04,-4.000000000000000083e-03,4.000000000000000083e-03,2.000000000000000000e+01,6.125473687431859382e-02,4.000000000000000000e+01,1.562707463509041463e-03,1.497143788203364381e-03
1.400000000000000000e+02,1.000000000000000021e-03,4.000000000000000000e+00,0.000000000000000000e+00,5.000000000000000000e+01,5.000000000000000000e+00,4.000000000000000000e+01,9.900000000000000000e+01,2.000000000000000000e+01,1.000000000000000000e+00,1.000000000000000000e+00,0.000000000000000000e+00,1.000000000000000000e+00,1.000000000000000000e+00,1.000000000000000048e-04,-3.500000000000000073e-03,-5.000000000000000104e-03,1.099999999999999936e-02,2.000000000000000000e+01,5.985715001661096046e-02,3.000000000000000000e+01,1.267426989736463892e-03,1.965007399924893500e-03
1.400000000000000000e+02,1.000000000000000021e-03,7.000000000000000000e+00,0.000000000000000000e+00,4.000000000000000000e+01,5.000000000000000000e+00,5.000000000000000000e+00,9.900000000000000000e+01,2.000000000000000000e+01,2.000000000000000000e+00,0.000000000000000000e+00,0.000000000000000000e+00,1.000000000000000000e+00,1.000000000000000000e+00,0.000000000000000000e+00,-3.299999999999999982e-03,-8.999999999999999320e-03,5.000000000000000104e-03,5.000000000000000000e+00,9.683134500882162321e-02,4.000000000000000000e+01,1.561900975316093260e-03,2.331517590492049319e-03
1.400000000000000000e+02,1.000000000000000021e-03,8.000000000000000000e+00,2.000000000000000000e+00,4.000000000000000000e+01,2.000000000000000000e+01,1.000000000000000000e+00,9.900000000000000000e+01,2.000000000000000000e+01,1.000000000000000000e+00,0.000000000000000000e+00,1.000000000000000000e+00,1.000000000000000000e+00,0.000000000000000000e+00,1.000000000000000021e-03,-4.000000000000000192e-04,-8.000000000000000167e-03,8.999999999999999320e-03,0.000000000000000000e+00,6.232010442530944161e-02,4.000000000000000000e+01,9.457988115091308084e-04,1.543465247180467225e-03
1.400000000000000000e+02,2.000000000000000042e-03,1.000000000000000000e+00,0.000000000000000000e+00,4.000000000000000000e+01,2.000000000000000000e+01,3.000000000000000000e+01,9.900000000000000000e+01,2.000000000000000000e+01,1.000000000000000000e+00,0.000000000000000000e+00,1.000000000000000000e+00,1.000000000000000000e+00,1.000000000000000000e+00,1.000000000000000048e-04,-5.000000000000000104e-04,-5.000000000000000104e-03,2.000000000000000042e-03,2.000000000000000000e+01,4.725164658695946152e-02,4.000000000000000000e+01,6.393145807374178832e-04,1.158962804987059792e-03
1.400000000000000000e+02,2.000000000000000042e-03,4.000000000000000000e+00,1.000000000000000000e+00,5.000000000000000000e+01,2.000000000000000000e+01,3.000000000000000000e+01,9.900000000000000000e+01,2.000000000000000000e+01,0.000000000000000000e+00,0.000000000000000000e+00,1.000000000000000000e+00,1.000000000000000000e+00,0.000000000000000000e+00,0.000000000000000000e+00,-1.000000000000000048e-04,-4.000000000000000083e-03,1.899999999999999953e-02,2.000000000000000000e+01,2.446316933949255201e-03,3.000000000000000000e+01,8.329849511930635967e-04,8.154389779830850400e-05
1.400000000000000000e+02,2.000000000000000042e-03,5.000000000000000000e+00,2.000000000000000000e+00,2.000000000000000000e+01,2.000000000000000000e+01,1.000000000000000000e+01,9.900000000000000000e+01,2.000000000000000000e+01,0.000000000000000000e+00,0.000000000000000000e+00,1.000000000000000000e+00,1.000000000000000000e+00,0.000000000000000000e+00,1.000000000000000048e-04,-3.500000000000000073e-03,-8.999999999999999320e-03,4.000000000000000083e-03,5.000000000000000000e+00,9.874779557026380772e-02,6.000000000000000000e+01,1.058787409850229328e-03,1.585425714565554412e-03
1.400000000000000000e+02,2.000000000000000042e-03,6.000000000000000000e+00,1.000000000000000000e+00,5.000000000000000000e+01,5.000000000000000000e+00,4.000000000000000000e+01,9.900000000000000000e+01,2.000000000000000000e+01,2.000000000000000000e+00,1.000000000000000000e+00,0.000000000000000000e+00,1.000000000000000000e+00,1.000000000000000000e+00,0.000000000000000000e+00,-1.000000000000000021e-03,-6.000000000000000125e-03,3.000000000000000062e-03,2.000000000000000000e+01,4.510998609395810988e-02,3.000000000000000000e+01,1.284326683689749693e-03,1.477891921722129884e-03
1.400000000000000000e+02,2.000000000000000042e-03,6.000000000000000000e+00,2.000000000000000000e+00,2.000000000000000000e+01,1.000000000000000000e+01,3.000000000000000000e+00,9.900000000000000000e+01,2.000000000000000000e+01,2.000000000000000000e+00,1.000000000000000000e+00,1.000000000000000000e+00,1.000000000000000000e+00,0.000000000000000000e+00,0.000000000000000000e+00,-4.000000000000000192e-04,-4.000000000000000083e-03,4.000000000000000083e-03,2.000000000000000000e+01,7.705811798343842334e-02,6.000000000000000000e+01,7.372338182111794810e-04,1.246797077757213221e-03
1.400000000000000000e+02,2.000000000000000042e-03,6.000000000000000000e+00,2.000000000000000000e+00,2.000000000000000000e+01,1.000000000000000000e+01,2.000000000000000000e+01,9.900000000000000000e+01,2.000000000000000000e+01,0.000000000000000000e+00,1.000000000000000000e+00,0.000000000000000000e+00,1.000000000000000000e+00,0.000000000000000000e+00,3.799999999999999992e-03,-3.899999999999999821e-03,-6.000000000000000125e-03,1.899999999999999953e-02,2.000000000000000000e+01,0.000000000000000000e+00,6.000000000000000000e+01,1.509290020082521520e-03,0.000000000000000000e+00
1.400000000000000000e+02,2.000000000000000042e-03,7.000000000000000000e+00,0.000000000000000000e+00,5.000000000000000000e+01,2.000000000000000000e+01,1.000000000000000000e+00,9.900000000000000000e+01,2.000000000000000000e+01,2.000000000000000000e+00,0.000000000000000000e+00,1.000000000000000000e+00,1.000000000000000000e+00,0.000000000000000000e+00,0.000000000000000000e+00,-1.000000000000000048e-04,-4.000000000000000083e-03,2.000000000000000042e-03,2.000000000000000000e+01,1.944801705209719955e-02,3.000000000000000000e+01,1.941412765474539006e-03,6.434125254707472085e-04
1.400000000000000000e+02,2.000000000000000042e-03,7.000000000000000000e+00,2.000000000000000000e+00,2.000000000000000000e+01,2.000000000000000000e+01,1.000000000000000000e+01,9.900000000000000000e+01,2.000000000000000000e+01,0.000000000000000000e+00,0.000000000000000000e+00,1.000000000000000000e+00,1.000000000000000000e+00,0.000000000000000000e+00,1.100000000000000066e-03,-8.000000000000000383e-04,-8.000000000000000167e-03,3.000000000000000062e-03,1.000000000000000000e+01,9.691469140045083641e-02,6.000000000000000000e+01,1.783157542597322166e-03,1.552140393971368579e-03
1.400000000000000000e+02,3.000000000000000062e-03,4.000000000000000000e+00,0.000000000000000000e+00,2.000000000000000000e+01,1.000000000000000000e+01,3.000000000000000000e+00,9.900000000000000000e+01,2.000000000000000000e+01,0.000000000000000000e+00,0.000000000000000000e+00,1.000000000000000000e+00,1.000000000000000000e+00,0.000000000000000000e+00,3.799999999999999992e-03,-3.899999999999999821e-03,-6.000000000000000125e-03,1.899999999999999953e-02,2.000000000000000000e+01,0.000000000000000000e+00,6.000000000000000000e+01,7.565856391606406951e-04,0.000000000000000000e+00
1.400000000000000000e+02,3.000000000000000062e-03,6.000000000000000000e+00,1.000000000000000000e+00,2.000000000000000000e+01,2.000000000000000000e+01,1.000000000000000000e+01,9.900000000000000000e+01,2.000000000000000000e+01,0.000000000000000000e+00,0.000000000000000000e+00,0.000000000000000000e+00,1.000000000000000000e+00,0.000000000000000000e+00,1.399999999999999986e-03,-1.699999999999999905e-03,-5.000000000000000104e-03,3.000000000000000062e-03,1.000000000000000000e+01,1.076633603882466428e-01,6.000000000000000000e+01,2.701226497163833253e-03,1.712157975648816687e-03
1.400000000000000000e+02,4.000000000000000083e-03,8.000000000000000000e+00,2.000000000000000000e+00,2.000000000000000000e+01,5.000000000000000000e+00,1.000000000000000000e+01,9.900000000000000000e+01,2.000000000000000000e+01,1.000000000000000000e+00,0.000000000000000000e+00,0.000000000000000000e+00,1.000000000000000000e+00,1.000000000000000000e+00,1.299999999999999940e-03,-1.299999999999999940e-03,-7.000000000000000146e-03,4.000000000000000083e-03,1.000000000000000000e+01,8.132940586677128714e-02,6.000000000000000000e+01,2.153319817542779895e-03,1.308755624270113672e-03
