0.000000000000000000e+00,-5.000000000000000104e-03,-1.000000000000000021e-02,2.000000000000000042e-03,4.277670073754452976e-03
0.000000000000000000e+00,-5.000000000000000104e-03,-1.000000000000000021e-02,6.000000000000000125e-03,4.294334028847368416e-03
0.000000000000000000e+00,-5.000000000000000104e-03,-1.000000000000000021e-02,1.400000000000000029e-02,3.883098571311678713e-03
0.000000000000000000e+00,-5.000000000000000104e-03,-1.000000000000000021e-02,1.899999999999999953e-02,4.077883198690034072e-03
0.000000000000000000e+00,-5.000000000000000104e-03,-8.000000000000000167e-03,4.000000000000000083e-03,4.411303639265990936e-03
0.000000000000000000e+00,-5.000000000000000104e-03,-8.000000000000000167e-03,1.000000000000000021e-02,3.951297245045395749e-03
0.000000000000000000e+00,-5.000000000000000104e-03,-8.000000000000000167e-03,1.600000000000000033e-02,3.900974985400279364e-03
0.000000000000000000e+00,-5.000000000000000104e-03,-4.000000000000000083e-03,2.000000000000000042e-03,3.126726111100225185e-03
0.000000000000000000e+00,-5.000000000000000104e-03,-4.000000000000000083e-03,1.000000000000000021e-02,2.722345049055956059e-03
0.000000000000000000e+00,-5.000000000000000104e-03,-4.000000000000000083e-03,1.299999999999999940e-02,3.214854903303693192e-03
0.000000000000000000e+00,-5.000000000000000104e-03,-4.000000000000000083e-03,1.600000000000000033e-02,3.163280831590159665e-03
0.000000000000000000e+00,-5.000000000000000104e-03,-4.000000000000000083e-03,1.899999999999999953e-02,2.962679856406796788e-03
0.000000000000000000e+00,-4.799999999999999580e-03,-5.000000000000000104e-03,7.000000000000000146e-03,3.386229185309111520e-03
0.000000000000000000e+00,-3.299999999999999982e-03,-4.000000000000000083e-03,6.000000000000000125e-03,4.329328430737892745e-03
0.000000000000000000e+00,-2.700000000000000143e-03,-6.000000000000000125e-03,1.899999999999999953e-02,7.963503828903366333e-03
0.000000000000000000e+00,-2.599999999999999881e-03,-1.000000000000000021e-02,6.000000000000000125e-03,8.599748711275390090e-03
0.000000000000000000e+00,-2.500000000000000052e-03,-1.000000000000000021e-02,5.000000000000000104e-03,8.503296950727746994e-03
0.000000000000000000e+00,-2.399999999999999790e-03,-7.000000000000000146e-03,8.000000000000000167e-03,8.721859033656870902e-03
0.000000000000000000e+00,-2.299999999999999961e-03,-7.000000000000000146e-03,4.000000000000000083e-03,8.741227178194420008e-03
0.000000000000000000e+00,-2.000000000000000042e-03,-6.000000000000000125e-03,5.000000000000000104e-03,9.830821798339498679e-03
0.000000000000000000e+00,-2.000000000000000042e-03,-5.000000000000000104e-03,1.200000000000000025e-02,1.094763103701943199e-02
0.000000000000000000e+00,-1.899999999999999996e-03,-1.000000000000000021e-02,1.000000000000000021e-02,1.193327580313077382e-02
0.000000000000000000e+00,-1.699999999999999905e-03,-1.000000000000000021e-02,1.200000000000000025e-02,1.329156715467121400e-02
0.000000000000000000e+00,-1.699999999999999905e-03,-7.000000000000000146e-03,1.600000000000000033e-02,1.342467048454301128e-02
0.000000000000000000e+00,-1.699999999999999905e-03,-5.000000000000000104e-03,1.600000000000000033e-02,1.296708614678753271e-02
0.000000000000000000e+00,-1.699999999999999905e-03,-4.000000000000000083e-03,1.099999999999999936e-02,1.180002863487060807e-02
0.000000000000000000e+00,-1.600000000000000077e-03,-8.999999999999999320e-03,5.000000000000000104e-03,1.138551717798844294e-02
0.000000000000000000e+00,-1.600000000000000077e-03,-7.000000000000000146e-03,1.899999999999999953e-02,1.403498275458710601e-02
0.000000000000000000e+00,-1.600000000000000077e-03,-6.000000000000000125e-03,1.499999999999999944e-02,1.387197213882732615e-02
0.000000000000000000e+00,-1.500000000000000031e-03,-8.999999999999999320e-03,1.899999999999999953e-02,1.475077006489835564e-02
0.000000000000000000e+00,-1.500000000000000031e-03,-4.000000000000000083e-03,1.899999999999999953e-02,1.321337042327141477e-02
0.000000000000000000e+00,-1.399999999999999986e-03,-8.000000000000000167e-03,1.000000000000000021e-02,1.455539652902153314e-02
0.000000000000000000e+00,-1.199999999999999895e-03,-7.000000000000000146e-03,6.000000000000000125e-03,1.324766485716999918e-02
0.000000000000000000e+00,-1.199999999999999895e-03,-7.000000000000000146e-03,8.999999999999999320e-03,1.492902888961598895e-02
0.000000000000000000e+00,-1.199999999999999895e-03,-6.000000000000000125e-03,1.600000000000000033e-02,1.593801141368929308e-02
0.000000000000000000e+00,-1.199999999999999895e-03,-5.000000000000000104e-03,7.000000000000000146e-03,1.334128994791264865e-02
0.000000000000000000e+00,-1.199999999999999895e-03,-4.000000000000000083e-03,1.899999999999999953e-02,1.451132811635998977e-02
0.000000000000000000e+00,-1.100000000000000066e-03,-1.000000000000000021e-02,1.600000000000000033e-02,1.617609979492767164e-02
0.000000000000000000e+00,-1.100000000000000066e-03,-8.999999999999999320e-03,7.000000000000000146e-03,1.390738542226443129e-02
0.000000000000000000e+00,-1.100000000000000066e-03,-7.000000000000000146e-03,6.000000000000000125e-03,1.325653834000888390e-02
0.000000000000000000e+00,-1.100000000000000066e-03,-6.000000000000000125e-03,1.200000000000000025e-02,1.579924839070710046e-02
0.000000000000000000e+00,-1.100000000000000066e-03,-5.000000000000000104e-03,1.499999999999999944e-02,1.576303650141018184e-02
0.000000000000000000e+00,-1.100000000000000066e-03,-4.000000000000000083e-03,1.299999999999999940e-02,1.463183311874479212e-02
0.000000000000000000e+00,-1.000000000000000021e-03,-8.999999999999999320e-03,1.499999999999999944e-02,1.626151597584010039e-02
0.000000000000000000e+00,-1.000000000000000021e-03,-8.999999999999999320e-03,1.600000000000000033e-02,1.639589416379496831e-02
0.000000000000000000e+00,-1.000000000000000021e-03,-6.000000000000000125e-03,1.400000000000000029e-02,1.595348871159493059e-02
0.000000000000000000e+00,-8.999999999999999754e-04,-1.000000000000000021e-02,1.899999999999999953e-02,1.645297369055963993e-02
0.000000000000000000e+00,-8.000000000000000383e-04,-8.000000000000000167e-03,1.499999999999999944e-02,1.594459563741754127e-02
0.000000000000000000e+00,-8.000000000000000383e-04,-8.000000000000000167e-03,1.600000000000000033e-02,1.603354033592585548e-02
0.000000000000000000e+00,-8.000000000000000383e-04,-8.000000000000000167e-03,1.899999999999999953e-02,1.617728254129145032e-02
0.000000000000000000e+00,-6.999999999999999929e-04,-8.999999999999999320e-03,1.499999999999999944e-02,1.597484650158723443e-02
0.000000000000000000e+00,-6.999999999999999929e-04,-8.999999999999999320e-03,1.799999999999999864e-02,1.617634410956075505e-02
0.000000000000000000e+00,-6.999999999999999929e-04,-8.999999999999999320e-03,1.899999999999999953e-02,1.620925677019292507e-02
0.000000000000000000e+00,-6.999999999999999929e-04,-8.000000000000000167e-03,1.499999999999999944e-02,1.597484650158723443e-02
0.000000000000000000e+00,-4.000000000000000192e-04,-8.000000000000000167e-03,8.999999999999999320e-03,1.409566251936525405e-02
0.000000000000000000e+00,-4.000000000000000192e-04,-5.000000000000000104e-03,1.600000000000000033e-02,1.508396268438683997e-02
0.000000000000000000e+00,-2.999999999999999737e-04,-1.000000000000000021e-02,1.700000000000000122e-02,1.462212195309602579e-02
0.000000000000000000e+00,-2.000000000000000096e-04,-1.000000000000000021e-02,6.000000000000000125e-03,1.211992071649296843e-02
0.000000000000000000e+00,-1.000000000000000048e-04,-1.000000000000000021e-02,2.000000000000000042e-03,6.651755571275841383e-03
0.000000000000000000e+00,-1.000000000000000048e-04,-1.000000000000000021e-02,5.000000000000000104e-03,1.102941456119920817e-02
0.000000000000000000e+00,-1.000000000000000048e-04,-1.000000000000000021e-02,7.000000000000000146e-03,1.216297693557556736e-02
0.000000000000000000e+00,-1.000000000000000048e-04,-1.000000000000000021e-02,1.000000000000000021e-02,1.316648722217547349e-02
0.000000000000000000e+00,-1.000000000000000048e-04,-1.000000000000000021e-02,1.600000000000000033e-02,1.394218430159870417e-02
0.000000000000000000e+00,-1.000000000000000048e-04,-1.000000000000000021e-02,1.899999999999999953e-02,1.400184480343784864e-02
0.000000000000000000e+00,-1.000000000000000048e-04,-8.999999999999999320e-03,6.000000000000000125e-03,1.175080867784162805e-02
0.000000000000000000e+00,-1.000000000000000048e-04,-8.999999999999999320e-03,7.000000000000000146e-03,1.216297693557556736e-02
0.000000000000000000e+00,-1.000000000000000048e-04,-8.999999999999999320e-03,8.999999999999999320e-03,1.292896362162150939e-02
0.000000000000000000e+00,-1.000000000000000048e-04,-8.999999999999999320e-03,1.000000000000000021e-02,1.316648722217547349e-02
0.000000000000000000e+00,-1.000000000000000048e-04,-8.000000000000000167e-03,6.000000000000000125e-03,1.175080867784162805e-02
0.000000000000000000e+00,-1.000000000000000048e-04,-8.000000000000000167e-03,1.799999999999999864e-02,1.394538319631672199e-02
0.000000000000000000e+00,-1.000000000000000048e-04,-8.000000000000000167e-03,1.899999999999999953e-02,1.400184480343784864e-02
0.000000000000000000e+00,-1.000000000000000048e-04,-7.000000000000000146e-03,4.000000000000000083e-03,1.024529026084240214e-02
0.000000000000000000e+00,-1.000000000000000048e-04,-7.000000000000000146e-03,8.999999999999999320e-03,1.292896362162150939e-02
0.000000000000000000e+00,-1.000000000000000048e-04,-7.000000000000000146e-03,1.299999999999999940e-02,1.364801798920759965e-02
0.000000000000000000e+00,-1.000000000000000048e-04,-7.000000000000000146e-03,1.499999999999999944e-02,1.390312289030406004e-02
0.000000000000000000e+00,-1.000000000000000048e-04,-7.000000000000000146e-03,1.799999999999999864e-02,1.394538319631672199e-02
0.000000000000000000e+00,-1.000000000000000048e-04,-7.000000000000000146e-03,1.899999999999999953e-02,1.400184480343784864e-02
0.000000000000000000e+00,-1.000000000000000048e-04,-6.000000000000000125e-03,6.000000000000000125e-03,1.175080867784162805e-02
0.000000000000000000e+00,-1.000000000000000048e-04,-6.000000000000000125e-03,8.000000000000000167e-03,1.256373218517171583e-02
0.000000000000000000e+00,-1.000000000000000048e-04,-6.000000000000000125e-03,1.099999999999999936e-02,1.349348812299125400e-02
0.000000000000000000e+00,-1.000000000000000048e-04,-6.000000000000000125e-03,1.700000000000000122e-02,1.394125083287106083e-02
0.000000000000000000e+00,-1.000000000000000048e-04,-5.000000000000000104e-03,1.899999999999999953e-02,1.400184480343784864e-02
0.000000000000000000e+00,-1.000000000000000048e-04,-4.000000000000000083e-03,2.000000000000000042e-03,6.107104702378236653e-03
0.000000000000000000e+00,-1.000000000000000048e-04,-4.000000000000000083e-03,6.000000000000000125e-03,1.093383186734884008e-02
0.000000000000000000e+00,-1.000000000000000048e-04,-4.000000000000000083e-03,7.000000000000000146e-03,1.150892916740017986e-02
0.000000000000000000e+00,-1.000000000000000048e-04,-4.000000000000000083e-03,8.999999999999999320e-03,1.221194501119681614e-02
0.000000000000000000e+00,-1.000000000000000048e-04,-4.000000000000000083e-03,1.000000000000000021e-02,1.243520744514940365e-02
0.000000000000000000e+00,-1.000000000000000048e-04,-4.000000000000000083e-03,1.200000000000000025e-02,1.280287032493263553e-02
0.000000000000000000e+00,-1.000000000000000048e-04,-4.000000000000000083e-03,1.499999999999999944e-02,1.289645972276245479e-02
0.000000000000000000e+00,-1.000000000000000048e-04,-4.000000000000000083e-03,1.600000000000000033e-02,1.293552113405709893e-02
0.000000000000000000e+00,-1.000000000000000048e-04,-4.000000000000000083e-03,1.700000000000000122e-02,1.294742167842576411e-02
0.000000000000000000e+00,-1.000000000000000048e-04,-4.000000000000000083e-03,1.799999999999999864e-02,1.296253410941014018e-02
0.000000000000000000e+00,-1.000000000000000048e-04,-4.000000000000000083e-03,1.899999999999999953e-02,1.298604233538583341e-02
1.000000000000000048e-04,-4.700000000000000185e-03,-5.000000000000000104e-03,3.000000000000000062e-03,4.366662906161285218e-03
1.000000000000000048e-04,-3.200000000000000153e-03,-8.000000000000000167e-03,7.000000000000000146e-03,6.404055453464435783e-03
1.000000000000000048e-04,-1.699999999999999905e-03,-4.000000000000000083e-03,1.600000000000000033e-02,1.203987149995984149e-02
1.000000000000000048e-04,-1.600000000000000077e-03,-4.000000000000000083e-03,1.799999999999999864e-02,1.283500374370679688e-02
1.000000000000000048e-04,-1.299999999999999940e-03,-4.000000000000000083e-03,8.999999999999999320e-03,1.386374389195774506e-02
1.000000000000000048e-04,-8.999999999999999754e-04,-5.000000000000000104e-03,1.899999999999999953e-02,1.655774538500769805e-02
1.000000000000000048e-04,-8.000000000000000383e-04,-6.000000000000000125e-03,1.400000000000000029e-02,1.600647602522755480e-02
1.000000000000000048e-04,-4.000000000000000192e-04,-6.000000000000000125e-03,1.700000000000000122e-02,1.560346535943811161e-02
1.000000000000000048e-04,-2.000000000000000096e-04,-6.000000000000000125e-03,8.999999999999999320e-03,1.383359013814578278e-02
2.000000000000000096e-04,-4.000000000000000083e-03,-7.000000000000000146e-03,1.099999999999999936e-02,4.353212344523781432e-03
2.000000000000000096e-04,-3.700000000000000164e-03,-8.999999999999999320e-03,1.400000000000000029e-02,5.454478373045384965e-03
2.000000000000000096e-04,-3.500000000000000073e-03,-8.999999999999999320e-03,1.200000000000000025e-02,5.878924562852281925e-03
2.000000000000000096e-04,-2.799999999999999972e-03,-8.000000000000000167e-03,1.600000000000000033e-02,8.514719065517570989e-03
2.000000000000000096e-04,-1.100000000000000066e-03,-5.000000000000000104e-03,1.499999999999999944e-02,1.635706742137415029e-02
2.000000000000000096e-04,-8.999999999999999754e-04,-8.999999999999999320e-03,1.899999999999999953e-02,1.691020384337725904e-02
2.000000000000000096e-04,-8.999999999999999754e-04,-6.000000000000000125e-03,1.899999999999999953e-02,1.691020384337725904e-02
2.000000000000000096e-04,-4.000000000000000192e-04,-7.000000000000000146e-03,1.099999999999999936e-02,1.551914267287426985e-02
2.000000000000000096e-04,-4.000000000000000192e-04,-4.000000000000000083e-03,1.600000000000000033e-02,1.477240151568934810e-02
2.000000000000000096e-04,-2.000000000000000096e-04,-5.000000000000000104e-03,1.400000000000000029e-02,1.476554132722907899e-02
2.000000000000000096e-04,-2.000000000000000096e-04,-4.000000000000000083e-03,5.000000000000000104e-03,1.054579195461632229e-02
2.000000000000000096e-04,-1.000000000000000048e-04,-1.000000000000000021e-02,1.099999999999999936e-02,1.440594504426740904e-02
2.000000000000000096e-04,-1.000000000000000048e-04,-1.000000000000000021e-02,1.499999999999999944e-02,1.473655240511232214e-02
2.000000000000000096e-04,-1.000000000000000048e-04,-5.000000000000000104e-03,1.099999999999999936e-02,1.440594504426740904e-02
2.000000000000000096e-04,-1.000000000000000048e-04,-4.000000000000000083e-03,8.999999999999999320e-03,1.297710509299543867e-02
2.999999999999999737e-04,-2.899999999999999800e-03,-1.000000000000000021e-02,1.099999999999999936e-02,7.933041365767872638e-03
2.999999999999999737e-04,-2.500000000000000052e-03,-1.000000000000000021e-02,8.999999999999999320e-03,9.325717919735585296e-03
2.999999999999999737e-04,-2.399999999999999790e-03,-1.000000000000000021e-02,1.700000000000000122e-02,1.008149698204321987e-02
2.999999999999999737e-04,-1.799999999999999951e-03,-8.999999999999999320e-03,8.000000000000000167e-03,1.244389797152336934e-02
2.999999999999999737e-04,-1.399999999999999986e-03,-1.000000000000000021e-02,1.899999999999999953e-02,1.535128005704393742e-02
2.999999999999999737e-04,-1.100000000000000066e-03,-1.000000000000000021e-02,1.700000000000000122e-02,1.635320135092557803e-02
2.999999999999999737e-04,-1.000000000000000021e-03,-8.999999999999999320e-03,1.299999999999999940e-02,1.619548364930989415e-02
2.999999999999999737e-04,-1.000000000000000021e-03,-8.999999999999999320e-03,1.400000000000000029e-02,1.635627924268329147e-02
2.999999999999999737e-04,-1.000000000000000021e-03,-8.000000000000000167e-03,1.200000000000000025e-02,1.613453807620771410e-02
2.999999999999999737e-04,-1.000000000000000021e-03,-5.000000000000000104e-03,1.200000000000000025e-02,1.613453807620771410e-02
2.999999999999999737e-04,-8.000000000000000383e-04,-8.000000000000000167e-03,1.499999999999999944e-02,1.628915269708272259e-02
2.999999999999999737e-04,-5.999999999999999474e-04,-8.999999999999999320e-03,1.799999999999999864e-02,1.642268961519801132e-02
2.999999999999999737e-04,-4.000000000000000192e-04,-4.000000000000000083e-03,8.000000000000000167e-03,1.364815766707714283e-02
2.999999999999999737e-04,-2.999999999999999737e-04,-1.000000000000000021e-02,1.400000000000000029e-02,1.531569023695752638e-02
2.999999999999999737e-04,-2.999999999999999737e-04,-7.000000000000000146e-03,1.499999999999999944e-02,1.542658727427001497e-02
2.999999999999999737e-04,-1.000000000000000048e-04,-1.000000000000000021e-02,1.499999999999999944e-02,1.488455181461480724e-02
2.999999999999999737e-04,-1.000000000000000048e-04,-1.000000000000000021e-02,1.600000000000000033e-02,1.492004460955900780e-02
2.999999999999999737e-04,-1.000000000000000048e-04,-8.999999999999999320e-03,1.499999999999999944e-02,1.488455181461480724e-02
2.999999999999999737e-04,-1.000000000000000048e-04,-8.000000000000000167e-03,1.400000000000000029e-02,1.477086618893034761e-02
2.999999999999999737e-04,-1.000000000000000048e-04,-6.000000000000000125e-03,1.400000000000000029e-02,1.477086618893034761e-02
2.999999999999999737e-04,-1.000000000000000048e-04,-5.000000000000000104e-03,1.200000000000000025e-02,1.458980553919208591e-02
4.000000000000000192e-04,-5.000000000000000104e-03,-8.999999999999999320e-03,1.799999999999999864e-02,3.651637774947101393e-03
4.000000000000000192e-04,-4.300000000000000003e-03,-8.000000000000000167e-03,7.000000000000000146e-03,4.346153220856815644e-03
4.000000000000000192e-04,-3.399999999999999811e-03,-8.000000000000000167e-03,1.000000000000000021e-02,6.144155409350096457e-03
4.000000000000000192e-04,-2.200000000000000133e-03,-6.000000000000000125e-03,1.799999999999999864e-02,1.095500954985872272e-02
4.000000000000000192e-04,-1.000000000000000021e-03,-8.000000000000000167e-03,1.000000000000000021e-02,1.572463319546733157e-02
4.000000000000000192e-04,-8.999999999999999754e-04,-6.000000000000000125e-03,1.000000000000000021e-02,1.576732026077891716e-02
4.000000000000000192e-04,-8.000000000000000383e-04,-8.999999999999999320e-03,1.499999999999999944e-02,1.631160173381848710e-02
4.000000000000000192e-04,-6.999999999999999929e-04,-8.999999999999999320e-03,1.499999999999999944e-02,1.650067478159205486e-02
4.000000000000000192e-04,-6.999999999999999929e-04,-8.000000000000000167e-03,7.000000000000000146e-03,1.432696798470295754e-02
4.000000000000000192e-04,-4.000000000000000192e-04,-8.999999999999999320e-03,1.400000000000000029e-02,1.606129581048269458e-02
4.000000000000000192e-04,-2.999999999999999737e-04,-8.999999999999999320e-03,1.899999999999999953e-02,1.592716021332615112e-02
4.000000000000000192e-04,-2.999999999999999737e-04,-7.000000000000000146e-03,1.099999999999999936e-02,1.548970005130256497e-02
4.000000000000000192e-04,-2.000000000000000096e-04,-1.000000000000000021e-02,8.999999999999999320e-03,1.454951828916856670e-02
4.000000000000000192e-04,-2.000000000000000096e-04,-5.000000000000000104e-03,1.299999999999999940e-02,1.528662929789630087e-02
4.000000000000000192e-04,-1.000000000000000048e-04,-1.000000000000000021e-02,1.099999999999999936e-02,1.489378524130156867e-02
4.000000000000000192e-04,-1.000000000000000048e-04,-8.999999999999999320e-03,8.000000000000000167e-03,1.396459769933073095e-02
4.000000000000000192e-04,-1.000000000000000048e-04,-6.000000000000000125e-03,1.700000000000000122e-02,1.525099270894529103e-02
5.000000000000000104e-04,-2.700000000000000143e-03,-6.000000000000000125e-03,1.099999999999999936e-02,8.229856862212895502e-03
5.000000000000000104e-04,-2.200000000000000133e-03,-4.000000000000000083e-03,1.099999999999999936e-02,9.813122940949246115e-03
5.000000000000000104e-04,-1.399999999999999986e-03,-8.999999999999999320e-03,8.000000000000000167e-03,1.431365914970052222e-02
5.000000000000000104e-04,-1.399999999999999986e-03,-8.000000000000000167e-03,1.600000000000000033e-02,1.519447211593239963e-02
5.000000000000000104e-04,-1.100000000000000066e-03,-1.000000000000000021e-02,8.000000000000000167e-03,1.515679339486187063e-02
5.000000000000000104e-04,-1.100000000000000066e-03,-8.000000000000000167e-03,1.700000000000000122e-02,1.645792098202138523e-02
5.000000000000000104e-04,-1.100000000000000066e-03,-6.000000000000000125e-03,1.299999999999999940e-02,1.615422619666996920e-02
5.000000000000000104e-04,-1.000000000000000021e-03,-6.000000000000000125e-03,1.499999999999999944e-02,1.661334479798976319e-02
5.000000000000000104e-04,-8.999999999999999754e-04,-1.000000000000000021e-02,1.099999999999999936e-02,1.662235791472075480e-02
5.000000000000000104e-04,-8.999999999999999754e-04,-8.999999999999999320e-03,1.000000000000000021e-02,1.618357962546915912e-02
5.000000000000000104e-04,-8.999999999999999754e-04,-8.999999999999999320e-03,1.499999999999999944e-02,1.700098298921081524e-02
5.000000000000000104e-04,-8.999999999999999754e-04,-8.000000000000000167e-03,7.000000000000000146e-03,1.478792279147577403e-02
5.000000000000000104e-04,-8.999999999999999754e-04,-8.000000000000000167e-03,1.799999999999999864e-02,1.702815434712196332e-02
5.000000000000000104e-04,-8.000000000000000383e-04,-1.000000000000000021e-02,1.499999999999999944e-02,1.696230920930472466e-02
5.000000000000000104e-04,-8.000000000000000383e-04,-6.000000000000000125e-03,5.000000000000000104e-03,1.255840544672632252e-02
5.000000000000000104e-04,-6.999999999999999929e-04,-8.999999999999999320e-03,1.400000000000000029e-02,1.705639654349538209e-02
5.000000000000000104e-04,-6.999999999999999929e-04,-8.000000000000000167e-03,1.400000000000000029e-02,1.705639654349538209e-02
5.000000000000000104e-04,-6.999999999999999929e-04,-6.000000000000000125e-03,1.799999999999999864e-02,1.727035802574940909e-02
5.000000000000000104e-04,-6.999999999999999929e-04,-5.000000000000000104e-03,1.700000000000000122e-02,1.724818091693430810e-02
5.000000000000000104e-04,-5.000000000000000104e-04,-8.000000000000000167e-03,8.999999999999999320e-03,1.543088732708621826e-02
5.000000000000000104e-04,-5.000000000000000104e-04,-7.000000000000000146e-03,1.299999999999999940e-02,1.648140725950233282e-02
5.000000000000000104e-04,-5.000000000000000104e-04,-7.000000000000000146e-03,1.400000000000000029e-02,1.671930361745075505e-02
5.000000000000000104e-04,-4.000000000000000192e-04,-8.000000000000000167e-03,1.700000000000000122e-02,1.677382509857122325e-02
5.000000000000000104e-04,-4.000000000000000192e-04,-7.000000000000000146e-03,1.600000000000000033e-02,1.678631013184577608e-02
5.000000000000000104e-04,-2.999999999999999737e-04,-8.999999999999999320e-03,1.700000000000000122e-02,1.635889965423553694e-02
5.000000000000000104e-04,-1.000000000000000048e-04,-1.000000000000000021e-02,1.200000000000000025e-02,1.571915564205158405e-02
5.000000000000000104e-04,-1.000000000000000048e-04,-8.999999999999999320e-03,1.299999999999999940e-02,1.573461573024084043e-02
5.000000000000000104e-04,-1.000000000000000048e-04,-8.000000000000000167e-03,1.200000000000000025e-02,1.571915564205158405e-02
5.000000000000000104e-04,-1.000000000000000048e-04,-8.000000000000000167e-03,1.899999999999999953e-02,1.611243010927257760e-02
5.000000000000000104e-04,-1.000000000000000048e-04,-6.000000000000000125e-03,1.299999999999999940e-02,1.573461573024084043e-02
5.999999999999999474e-04,-3.399999999999999811e-03,-8.999999999999999320e-03,1.200000000000000025e-02,6.210471920182088039e-03
5.999999999999999474e-04,-1.899999999999999996e-03,-5.000000000000000104e-03,1.700000000000000122e-02,1.230266748890118320e-02
5.999999999999999474e-04,-1.299999999999999940e-03,-5.000000000000000104e-03,1.899999999999999953e-02,1.596660226499748564e-02
5.999999999999999474e-04,-1.199999999999999895e-03,-8.999999999999999320e-03,1.799999999999999864e-02,1.638730433184512267e-02
5.999999999999999474e-04,-1.100000000000000066e-03,-1.000000000000000021e-02,1.499999999999999944e-02,1.673799245977052735e-02
5.999999999999999474e-04,-1.000000000000000021e-03,-7.000000000000000146e-03,1.299999999999999940e-02,1.683256824847577382e-02
5.999999999999999474e-04,-8.999999999999999754e-04,-8.999999999999999320e-03,1.899999999999999953e-02,1.744044475425774246e-02
5.999999999999999474e-04,-8.999999999999999754e-04,-7.000000000000000146e-03,1.200000000000000025e-02,1.704004419139624679e-02
5.999999999999999474e-04,-8.999999999999999754e-04,-5.000000000000000104e-03,1.400000000000000029e-02,1.721192932391670330e-02
5.999999999999999474e-04,-8.000000000000000383e-04,-8.999999999999999320e-03,1.799999999999999864e-02,1.752093798695102123e-02
5.999999999999999474e-04,-6.999999999999999929e-04,-1.000000000000000021e-02,1.200000000000000025e-02,1.720949332724018913e-02
5.999999999999999474e-04,-6.999999999999999929e-04,-1.000000000000000021e-02,1.499999999999999944e-02,1.766724983032175872e-02
5.999999999999999474e-04,-6.999999999999999929e-04,-7.000000000000000146e-03,1.799999999999999864e-02,1.766278656637113378e-02
5.999999999999999474e-04,-6.999999999999999929e-04,-5.000000000000000104e-03,6.000000000000000125e-03,1.435604084441577388e-02
5.999999999999999474e-04,-5.999999999999999474e-04,-8.999999999999999320e-03,1.000000000000000021e-02,1.680854576350701568e-02
5.999999999999999474e-04,-5.999999999999999474e-04,-8.000000000000000167e-03,1.700000000000000122e-02,1.761268545398806534e-02
5.999999999999999474e-04,-5.999999999999999474e-04,-7.000000000000000146e-03,8.000000000000000167e-03,1.574446767412476106e-02
5.999999999999999474e-04,-5.000000000000000104e-04,-7.000000000000000146e-03,1.899999999999999953e-02,1.748785803348139323e-02
5.999999999999999474e-04,-4.000000000000000192e-04,-6.000000000000000125e-03,2.000000000000000042e-03,8.148107503786023234e-03
5.999999999999999474e-04,-2.000000000000000096e-04,-7.000000000000000146e-03,1.700000000000000122e-02,1.682409668147020337e-02
5.999999999999999474e-04,-1.000000000000000048e-04,-1.000000000000000021e-02,1.700000000000000122e-02,1.667802069074796750e-02
5.999999999999999474e-04,-1.000000000000000048e-04,-8.999999999999999320e-03,1.499999999999999944e-02,1.665512609160133689e-02
5.999999999999999474e-04,-1.000000000000000048e-04,-8.000000000000000167e-03,6.000000000000000125e-03,1.384033961840935856e-02
5.999999999999999474e-04,-1.000000000000000048e-04,-8.000000000000000167e-03,1.000000000000000021e-02,1.585199962076002875e-02
5.999999999999999474e-04,-1.000000000000000048e-04,-7.000000000000000146e-03,1.200000000000000025e-02,1.627618022581560006e-02
5.999999999999999474e-04,-1.000000000000000048e-04,-4.000000000000000083e-03,1.200000000000000025e-02,1.488768062390223232e-02
6.999999999999999929e-04,-4.499999999999999660e-03,-8.000000000000000167e-03,1.799999999999999864e-02,4.855520535768963371e-03
6.999999999999999929e-04,-4.400000000000000265e-03,-1.000000000000000021e-02,2.000000000000000042e-03,5.879014067142788839e-03
6.999999999999999929e-04,-4.199999999999999740e-03,-8.000000000000000167e-03,8.999999999999999320e-03,5.455210697884254993e-03
6.999999999999999929e-04,-2.599999999999999881e-03,-5.000000000000000104e-03,1.200000000000000025e-02,8.626452415541576574e-03
6.999999999999999929e-04,-2.299999999999999961e-03,-7.000000000000000146e-03,1.200000000000000025e-02,1.012194850697286166e-02
6.999999999999999929e-04,-1.899999999999999996e-03,-7.000000000000000146e-03,6.000000000000000125e-03,1.179795160646243159e-02
6.999999999999999929e-04,-1.399999999999999986e-03,-1.000000000000000021e-02,1.700000000000000122e-02,1.505298283923134708e-02
6.999999999999999929e-04,-1.299999999999999940e-03,-6.000000000000000125e-03,1.000000000000000021e-02,1.541008898800695290e-02
6.999999999999999929e-04,-1.199999999999999895e-03,-1.000000000000000021e-02,8.000000000000000167e-03,1.499683606978140758e-02
6.999999999999999929e-04,-1.000000000000000021e-03,-6.000000000000000125e-03,1.799999999999999864e-02,1.692489917792807871e-02
6.999999999999999929e-04,-8.999999999999999754e-04,-1.000000000000000021e-02,1.899999999999999953e-02,1.725878274450317468e-02
6.999999999999999929e-04,-8.999999999999999754e-04,-8.999999999999999320e-03,1.799999999999999864e-02,1.723094078023103964e-02
6.999999999999999929e-04,-8.999999999999999754e-04,-8.000000000000000167e-03,1.899999999999999953e-02,1.725878274450317468e-02
6.999999999999999929e-04,-8.999999999999999754e-04,-5.000000000000000104e-03,1.700000000000000122e-02,1.723584401034522831e-02
6.999999999999999929e-04,-8.000000000000000383e-04,-7.000000000000000146e-03,1.600000000000000033e-02,1.735200950304512102e-02
6.999999999999999929e-04,-8.000000000000000383e-04,-7.000000000000000146e-03,1.899999999999999953e-02,1.732484570579471625e-02
6.999999999999999929e-04,-6.999999999999999929e-04,-1.000000000000000021e-02,1.000000000000000021e-02,1.676383411215873892e-02
6.999999999999999929e-04,-6.999999999999999929e-04,-1.000000000000000021e-02,1.499999999999999944e-02,1.751611718913055268e-02
6.999999999999999929e-04,-6.999999999999999929e-04,-1.000000000000000021e-02,1.799999999999999864e-02,1.746849347696958349e-02
6.999999999999999929e-04,-6.999999999999999929e-04,-8.999999999999999320e-03,1.099999999999999936e-02,1.697350862267129126e-02
6.999999999999999929e-04,-6.999999999999999929e-04,-8.000000000000000167e-03,1.499999999999999944e-02,1.751611718913055268e-02
6.999999999999999929e-04,-6.999999999999999929e-04,-8.000000000000000167e-03,1.799999999999999864e-02,1.746849347696958349e-02
6.999999999999999929e-04,-6.999999999999999929e-04,-7.000000000000000146e-03,1.499999999999999944e-02,1.751611718913055268e-02
6.999999999999999929e-04,-6.999999999999999929e-04,-6.000000000000000125e-03,1.899999999999999953e-02,1.749630266692817071e-02
6.999999999999999929e-04,-6.999999999999999929e-04,-5.000000000000000104e-03,2.000000000000000042e-03,7.899941862065548021e-03
6.999999999999999929e-04,-6.999999999999999929e-04,-5.000000000000000104e-03,1.499999999999999944e-02,1.751611718913055268e-02
6.999999999999999929e-04,-6.999999999999999929e-04,-5.000000000000000104e-03,1.700000000000000122e-02,1.745306256996102118e-02
6.999999999999999929e-04,-5.999999999999999474e-04,-1.000000000000000021e-02,1.600000000000000033e-02,1.746347292425237674e-02
6.999999999999999929e-04,-5.999999999999999474e-04,-8.999999999999999320e-03,1.799999999999999864e-02,1.742673399608934623e-02
6.999999999999999929e-04,-5.999999999999999474e-04,-7.000000000000000146e-03,1.099999999999999936e-02,1.693773187647319017e-02
6.999999999999999929e-04,-5.999999999999999474e-04,-6.000000000000000125e-03,1.499999999999999944e-02,1.743663112716301727e-02
6.999999999999999929e-04,-5.999999999999999474e-04,-5.000000000000000104e-03,1.000000000000000021e-02,1.668908240313428035e-02
6.999999999999999929e-04,-5.999999999999999474e-04,-5.000000000000000104e-03,1.499999999999999944e-02,1.743663112716301727e-02
6.999999999999999929e-04,-5.000000000000000104e-04,-1.000000000000000021e-02,1.499999999999999944e-02,1.714660672674786848e-02
6.999999999999999929e-04,-5.000000000000000104e-04,-1.000000000000000021e-02,1.700000000000000122e-02,1.713767331970757549e-02
6.999999999999999929e-04,-5.000000000000000104e-04,-8.999999999999999320e-03,1.499999999999999944e-02,1.714660672674786848e-02
6.999999999999999929e-04,-5.000000000000000104e-04,-8.999999999999999320e-03,1.600000000000000033e-02,1.715639332502024231e-02
6.999999999999999929e-04,-5.000000000000000104e-04,-6.000000000000000125e-03,8.999999999999999320e-03,1.598394647547878022e-02
6.999999999999999929e-04,-5.000000000000000104e-04,-6.000000000000000125e-03,1.200000000000000025e-02,1.676350145053970980e-02
6.999999999999999929e-04,-5.000000000000000104e-04,-6.000000000000000125e-03,1.600000000000000033e-02,1.715639332502024231e-02
6.999999999999999929e-04,-5.000000000000000104e-04,-6.000000000000000125e-03,1.899999999999999953e-02,1.728754969811075251e-02
6.999999999999999929e-04,-2.999999999999999737e-04,-1.000000000000000021e-02,1.200000000000000025e-02,1.644677257041870372e-02
6.999999999999999929e-04,-2.999999999999999737e-04,-8.999999999999999320e-03,1.299999999999999940e-02,1.646794683459771799e-02
6.999999999999999929e-04,-2.999999999999999737e-04,-8.000000000000000167e-03,1.600000000000000033e-02,1.684328894161251505e-02
6.999999999999999929e-04,-1.000000000000000048e-04,-1.000000000000000021e-02,1.099999999999999936e-02,1.622724444969116803e-02
6.999999999999999929e-04,-1.000000000000000048e-04,-1.000000000000000021e-02,1.400000000000000029e-02,1.648326648568588029e-02
6.999999999999999929e-04,-1.000000000000000048e-04,-8.999999999999999320e-03,1.700000000000000122e-02,1.670548171873707452e-02
6.999999999999999929e-04,-1.000000000000000048e-04,-8.999999999999999320e-03,1.899999999999999953e-02,1.683373889835450277e-02
6.999999999999999929e-04,-1.000000000000000048e-04,-8.000000000000000167e-03,1.099999999999999936e-02,1.622724444969116803e-02
6.999999999999999929e-04,-1.000000000000000048e-04,-8.000000000000000167e-03,1.600000000000000033e-02,1.671326403058778776e-02
6.999999999999999929e-04,-1.000000000000000048e-04,-7.000000000000000146e-03,8.999999999999999320e-03,1.555466794679983070e-02
6.999999999999999929e-04,-1.000000000000000048e-04,-7.000000000000000146e-03,1.400000000000000029e-02,1.648326648568588029e-02
6.999999999999999929e-04,-1.000000000000000048e-04,-6.000000000000000125e-03,1.400000000000000029e-02,1.648326648568588029e-02
6.999999999999999929e-04,-1.000000000000000048e-04,-4.000000000000000083e-03,1.899999999999999953e-02,1.513364865802007721e-02
8.000000000000000383e-04,-4.300000000000000003e-03,-8.999999999999999320e-03,5.000000000000000104e-03,5.362461700329859866e-03
8.000000000000000383e-04,-2.599999999999999881e-03,-7.000000000000000146e-03,1.200000000000000025e-02,8.773919506043680733e-03
8.000000000000000383e-04,-1.399999999999999986e-03,-4.000000000000000083e-03,8.999999999999999320e-03,1.345441395799210071e-02
8.000000000000000383e-04,-1.100000000000000066e-03,-8.000000000000000167e-03,8.999999999999999320e-03,1.575700295001462511e-02
8.000000000000000383e-04,-1.100000000000000066e-03,-7.000000000000000146e-03,1.299999999999999940e-02,1.613614475592971970e-02
8.000000000000000383e-04,-1.000000000000000021e-03,-1.000000000000000021e-02,1.799999999999999864e-02,1.681961307564992097e-02
8.000000000000000383e-04,-1.000000000000000021e-03,-8.999999999999999320e-03,1.400000000000000029e-02,1.654358868246818062e-02
8.000000000000000383e-04,-1.000000000000000021e-03,-7.000000000000000146e-03,1.400000000000000029e-02,1.654358868246818062e-02
8.000000000000000383e-04,-1.000000000000000021e-03,-6.000000000000000125e-03,1.299999999999999940e-02,1.656539797057940758e-02
8.000000000000000383e-04,-8.999999999999999754e-04,-1.000000000000000021e-02,1.299999999999999940e-02,1.692339281890236496e-02
8.000000000000000383e-04,-8.999999999999999754e-04,-8.999999999999999320e-03,1.099999999999999936e-02,1.683364806117321893e-02
8.000000000000000383e-04,-8.999999999999999754e-04,-8.999999999999999320e-03,1.200000000000000025e-02,1.698192917861659004e-02
8.000000000000000383e-04,-8.999999999999999754e-04,-6.000000000000000125e-03,1.899999999999999953e-02,1.715958988704162358e-02
8.000000000000000383e-04,-8.999999999999999754e-04,-5.000000000000000104e-03,1.299999999999999940e-02,1.670976097471145450e-02
8.000000000000000383e-04,-8.999999999999999754e-04,-5.000000000000000104e-03,1.400000000000000029e-02,1.693213012685224755e-02
8.000000000000000383e-04,-8.000000000000000383e-04,-1.000000000000000021e-02,1.899999999999999953e-02,1.726846528040239942e-02
8.000000000000000383e-04,-8.000000000000000383e-04,-7.000000000000000146e-03,1.000000000000000021e-02,1.666459477229179781e-02
8.000000000000000383e-04,-6.999999999999999929e-04,-1.000000000000000021e-02,1.700000000000000122e-02,1.736349443682589158e-02
8.000000000000000383e-04,-6.999999999999999929e-04,-8.999999999999999320e-03,1.200000000000000025e-02,1.719250384695837283e-02
8.000000000000000383e-04,-6.999999999999999929e-04,-8.000000000000000167e-03,1.600000000000000033e-02,1.742761542232352384e-02
8.000000000000000383e-04,-6.999999999999999929e-04,-4.000000000000000083e-03,1.499999999999999944e-02,1.575204079216029410e-02
8.000000000000000383e-04,-5.999999999999999474e-04,-1.000000000000000021e-02,1.799999999999999864e-02,1.734449920569694839e-02
8.000000000000000383e-04,-5.999999999999999474e-04,-8.000000000000000167e-03,1.200000000000000025e-02,1.717087781341922886e-02
8.000000000000000383e-04,-5.999999999999999474e-04,-8.000000000000000167e-03,1.700000000000000122e-02,1.735884841352231325e-02
8.000000000000000383e-04,-5.999999999999999474e-04,-6.000000000000000125e-03,1.400000000000000029e-02,1.715400429723847736e-02
8.000000000000000383e-04,-5.999999999999999474e-04,-5.000000000000000104e-03,1.499999999999999944e-02,1.736724078081720510e-02
8.000000000000000383e-04,-5.000000000000000104e-04,-1.000000000000000021e-02,1.700000000000000122e-02,1.727410927205838553e-02
8.000000000000000383e-04,-5.000000000000000104e-04,-8.999999999999999320e-03,1.000000000000000021e-02,1.668533357483266422e-02
8.000000000000000383e-04,-5.000000000000000104e-04,-8.999999999999999320e-03,1.499999999999999944e-02,1.730931708366906588e-02
8.000000000000000383e-04,-5.000000000000000104e-04,-8.999999999999999320e-03,1.799999999999999864e-02,1.727155318750682803e-02
8.000000000000000383e-04,-5.000000000000000104e-04,-8.000000000000000167e-03,1.000000000000000021e-02,1.668533357483266422e-02
8.000000000000000383e-04,-5.000000000000000104e-04,-8.000000000000000167e-03,1.799999999999999864e-02,1.727155318750682803e-02
8.000000000000000383e-04,-5.000000000000000104e-04,-7.000000000000000146e-03,1.499999999999999944e-02,1.730931708366906588e-02
8.000000000000000383e-04,-5.000000000000000104e-04,-7.000000000000000146e-03,1.899999999999999953e-02,1.742910330059488713e-02
8.000000000000000383e-04,-5.000000000000000104e-04,-6.000000000000000125e-03,1.799999999999999864e-02,1.727155318750682803e-02
8.000000000000000383e-04,-5.000000000000000104e-04,-6.000000000000000125e-03,1.899999999999999953e-02,1.742910330059488713e-02
8.000000000000000383e-04,-5.000000000000000104e-04,-5.000000000000000104e-03,1.499999999999999944e-02,1.730931708366906588e-02
8.000000000000000383e-04,-5.000000000000000104e-04,-5.000000000000000104e-03,1.700000000000000122e-02,1.727410927205838553e-02
8.000000000000000383e-04,-5.000000000000000104e-04,-4.000000000000000083e-03,1.799999999999999864e-02,1.564598165893216208e-02
8.000000000000000383e-04,-4.000000000000000192e-04,-8.999999999999999320e-03,1.000000000000000021e-02,1.681170098817148101e-02
8.000000000000000383e-04,-4.000000000000000192e-04,-8.999999999999999320e-03,1.099999999999999936e-02,1.708400895268563646e-02
8.000000000000000383e-04,-4.000000000000000192e-04,-8.999999999999999320e-03,1.499999999999999944e-02,1.744662247437240091e-02
8.000000000000000383e-04,-4.000000000000000192e-04,-8.999999999999999320e-03,1.600000000000000033e-02,1.745372258270949661e-02
8.000000000000000383e-04,-4.000000000000000192e-04,-5.000000000000000104e-03,1.600000000000000033e-02,1.745372258270949661e-02
8.000000000000000383e-04,-4.000000000000000192e-04,-5.000000000000000104e-03,1.899999999999999953e-02,1.756653068546713825e-02
8.000000000000000383e-04,-2.999999999999999737e-04,-8.999999999999999320e-03,1.600000000000000033e-02,1.722872483834442942e-02
8.000000000000000383e-04,-1.000000000000000048e-04,-8.999999999999999320e-03,1.299999999999999940e-02,1.690778495613347310e-02
8.000000000000000383e-04,-1.000000000000000048e-04,-8.999999999999999320e-03,1.499999999999999944e-02,1.715374493623550781e-02
8.000000000000000383e-04,-1.000000000000000048e-04,-8.000000000000000167e-03,1.299999999999999940e-02,1.690778495613347310e-02
8.000000000000000383e-04,-1.000000000000000048e-04,-8.000000000000000167e-03,1.400000000000000029e-02,1.696384947568587917e-02
8.000000000000000383e-04,-1.000000000000000048e-04,-7.000000000000000146e-03,1.099999999999999936e-02,1.685112932202402145e-02
8.000000000000000383e-04,-1.000000000000000048e-04,-6.000000000000000125e-03,1.000000000000000021e-02,1.637172953614978235e-02
8.000000000000000383e-04,-1.000000000000000048e-04,-6.000000000000000125e-03,1.299999999999999940e-02,1.667707628950765297e-02
8.000000000000000383e-04,-1.000000000000000048e-04,-6.000000000000000125e-03,1.499999999999999944e-02,1.715374493623550781e-02
8.000000000000000383e-04,-1.000000000000000048e-04,-6.000000000000000125e-03,1.899999999999999953e-02,1.731253580475209525e-02
8.999999999999999754e-04,-3.299999999999999982e-03,-8.999999999999999320e-03,1.000000000000000021e-02,7.247936246178743151e-03
8.999999999999999754e-04,-2.399999999999999790e-03,-1.000000000000000021e-02,1.499999999999999944e-02,9.720936441549638332e-03
8.999999999999999754e-04,-1.600000000000000077e-03,-1.000000000000000021e-02,7.000000000000000146e-03,1.314881112247942574e-02
8.999999999999999754e-04,-1.100000000000000066e-03,-6.000000000000000125e-03,1.899999999999999953e-02,1.611059270086008174e-02
8.999999999999999754e-04,-1.100000000000000066e-03,-5.000000000000000104e-03,1.099999999999999936e-02,1.568372120117956722e-02
8.999999999999999754e-04,-8.999999999999999754e-04,-1.000000000000000021e-02,1.200000000000000025e-02,1.663780657027837812e-02
8.999999999999999754e-04,-8.999999999999999754e-04,-1.000000000000000021e-02,1.600000000000000033e-02,1.684669931868374576e-02
8.999999999999999754e-04,-8.999999999999999754e-04,-7.000000000000000146e-03,1.099999999999999936e-02,1.657243310034838685e-02
8.999999999999999754e-04,-8.000000000000000383e-04,-8.999999999999999320e-03,1.700000000000000122e-02,1.705864413456896142e-02
8.999999999999999754e-04,-8.000000000000000383e-04,-8.000000000000000167e-03,1.099999999999999936e-02,1.673873659158697791e-02
8.999999999999999754e-04,-8.000000000000000383e-04,-7.000000000000000146e-03,1.400000000000000029e-02,1.686417466962371325e-02
8.999999999999999754e-04,-8.000000000000000383e-04,-7.000000000000000146e-03,1.799999999999999864e-02,1.703779359863238224e-02
8.999999999999999754e-04,-8.000000000000000383e-04,-6.000000000000000125e-03,1.099999999999999936e-02,1.651831708063038195e-02
8.999999999999999754e-04,-8.000000000000000383e-04,-5.000000000000000104e-03,1.499999999999999944e-02,1.688188384609267539e-02
8.999999999999999754e-04,-6.999999999999999929e-04,-1.000000000000000021e-02,1.400000000000000029e-02,1.696347902163769517e-02
8.999999999999999754e-04,-6.999999999999999929e-04,-1.000000000000000021e-02,1.499999999999999944e-02,1.698809350475705832e-02
8.999999999999999754e-04,-6.999999999999999929e-04,-8.000000000000000167e-03,1.299999999999999940e-02,1.687518348709211163e-02
8.999999999999999754e-04,-6.999999999999999929e-04,-8.000000000000000167e-03,1.400000000000000029e-02,1.696347902163769517e-02
8.999999999999999754e-04,-6.999999999999999929e-04,-8.000000000000000167e-03,1.799999999999999864e-02,1.714398573644436083e-02
8.999999999999999754e-04,-6.999999999999999929e-04,-7.000000000000000146e-03,1.099999999999999936e-02,1.685343582912036606e-02
8.999999999999999754e-04,-6.999999999999999929e-04,-5.000000000000000104e-03,1.400000000000000029e-02,1.696347902163769517e-02
8.999999999999999754e-04,-5.999999999999999474e-04,-8.999999999999999320e-03,1.200000000000000025e-02,1.707367849780009814e-02
8.999999999999999754e-04,-5.999999999999999474e-04,-8.000000000000000167e-03,1.200000000000000025e-02,1.707367849780009814e-02
8.999999999999999754e-04,-5.999999999999999474e-04,-8.000000000000000167e-03,1.899999999999999953e-02,1.730638097241945367e-02
8.999999999999999754e-04,-5.999999999999999474e-04,-5.000000000000000104e-03,1.600000000000000033e-02,1.731720954501216742e-02
8.999999999999999754e-04,-5.000000000000000104e-04,-1.000000000000000021e-02,1.299999999999999940e-02,1.709890596281437442e-02
8.999999999999999754e-04,-5.000000000000000104e-04,-8.999999999999999320e-03,1.400000000000000029e-02,1.716460220381995153e-02
8.999999999999999754e-04,-5.000000000000000104e-04,-8.000000000000000167e-03,1.099999999999999936e-02,1.697962147264537106e-02
8.999999999999999754e-04,-5.000000000000000104e-04,-6.000000000000000125e-03,1.200000000000000025e-02,1.712734012449699042e-02
8.999999999999999754e-04,-5.000000000000000104e-04,-6.000000000000000125e-03,1.400000000000000029e-02,1.716460220381995153e-02
8.999999999999999754e-04,-5.000000000000000104e-04,-6.000000000000000125e-03,1.499999999999999944e-02,1.719320171713161274e-02
8.999999999999999754e-04,-5.000000000000000104e-04,-5.000000000000000104e-03,1.499999999999999944e-02,1.719320171713161274e-02
8.999999999999999754e-04,-5.000000000000000104e-04,-5.000000000000000104e-03,1.600000000000000033e-02,1.735692570142047947e-02
8.999999999999999754e-04,-5.000000000000000104e-04,-5.000000000000000104e-03,1.700000000000000122e-02,1.735116042419642193e-02
8.999999999999999754e-04,-5.000000000000000104e-04,-5.000000000000000104e-03,1.799999999999999864e-02,1.732869462498883364e-02
8.999999999999999754e-04,-5.000000000000000104e-04,-5.000000000000000104e-03,1.899999999999999953e-02,1.746588613069968710e-02
8.999999999999999754e-04,-4.000000000000000192e-04,-8.999999999999999320e-03,1.000000000000000021e-02,1.682105125562482345e-02
8.999999999999999754e-04,-4.000000000000000192e-04,-8.999999999999999320e-03,1.499999999999999944e-02,1.732899034087318976e-02
8.999999999999999754e-04,-4.000000000000000192e-04,-7.000000000000000146e-03,1.099999999999999936e-02,1.715007761865014468e-02
8.999999999999999754e-04,-4.000000000000000192e-04,-7.000000000000000146e-03,1.600000000000000033e-02,1.750116314744267279e-02
8.999999999999999754e-04,-4.000000000000000192e-04,-6.000000000000000125e-03,1.700000000000000122e-02,1.748689103329269939e-02
8.999999999999999754e-04,-4.000000000000000192e-04,-6.000000000000000125e-03,1.799999999999999864e-02,1.746443745037907017e-02
8.999999999999999754e-04,-4.000000000000000192e-04,-6.000000000000000125e-03,1.899999999999999953e-02,1.760178075772999423e-02
8.999999999999999754e-04,-4.000000000000000192e-04,-5.000000000000000104e-03,1.700000000000000122e-02,1.748689103329269939e-02
8.999999999999999754e-04,-4.000000000000000192e-04,-5.000000000000000104e-03,1.899999999999999953e-02,1.760178075772999423e-02
8.999999999999999754e-04,-4.000000000000000192e-04,-4.000000000000000083e-03,1.799999999999999864e-02,1.582105138153595478e-02
8.999999999999999754e-04,-2.999999999999999737e-04,-1.000000000000000021e-02,1.799999999999999864e-02,1.736845945985483058e-02
8.999999999999999754e-04,-2.999999999999999737e-04,-8.999999999999999320e-03,1.499999999999999944e-02,1.722240789788644783e-02
8.999999999999999754e-04,-2.999999999999999737e-04,-8.999999999999999320e-03,1.799999999999999864e-02,1.736845945985483058e-02
8.999999999999999754e-04,-2.999999999999999737e-04,-8.999999999999999320e-03,1.899999999999999953e-02,1.750578820083477719e-02
8.999999999999999754e-04,-2.999999999999999737e-04,-8.000000000000000167e-03,1.600000000000000033e-02,1.738385573726286548e-02
8.999999999999999754e-04,-2.999999999999999737e-04,-7.000000000000000146e-03,1.700000000000000122e-02,1.737103052892221763e-02
8.999999999999999754e-04,-2.999999999999999737e-04,-6.000000000000000125e-03,4.000000000000000083e-03,1.208834353188660213e-02
8.999999999999999754e-04,-2.999999999999999737e-04,-6.000000000000000125e-03,1.700000000000000122e-02,1.737103052892221763e-02
8.999999999999999754e-04,-2.999999999999999737e-04,-5.000000000000000104e-03,1.499999999999999944e-02,1.722240789788644783e-02
8.999999999999999754e-04,-2.999999999999999737e-04,-5.000000000000000104e-03,1.600000000000000033e-02,1.738385573726286548e-02
8.999999999999999754e-04,-2.999999999999999737e-04,-5.000000000000000104e-03,1.700000000000000122e-02,1.737103052892221763e-02
8.999999999999999754e-04,-2.999999999999999737e-04,-5.000000000000000104e-03,1.899999999999999953e-02,1.750578820083477719e-02
8.999999999999999754e-04,-2.000000000000000096e-04,-1.000000000000000021e-02,1.700000000000000122e-02,1.738656920615789733e-02
8.999999999999999754e-04,-2.000000000000000096e-04,-5.000000000000000104e-03,1.600000000000000033e-02,1.740621271540133963e-02
8.999999999999999754e-04,-1.000000000000000048e-04,-8.999999999999999320e-03,1.099999999999999936e-02,1.702083945700840276e-02
8.999999999999999754e-04,-1.000000000000000048e-04,-8.999999999999999320e-03,1.799999999999999864e-02,1.733222641355508173e-02
8.999999999999999754e-04,-1.000000000000000048e-04,-8.000000000000000167e-03,1.700000000000000122e-02,1.733478637279180570e-02
8.999999999999999754e-04,-1.000000000000000048e-04,-8.000000000000000167e-03,1.799999999999999864e-02,1.733222641355508173e-02
8.999999999999999754e-04,-1.000000000000000048e-04,-7.000000000000000146e-03,1.899999999999999953e-02,1.744777601971655989e-02
8.999999999999999754e-04,-1.000000000000000048e-04,-6.000000000000000125e-03,1.099999999999999936e-02,1.677142793235179147e-02
8.999999999999999754e-04,-1.000000000000000048e-04,-6.000000000000000125e-03,1.600000000000000033e-02,1.734761158113245355e-02
8.999999999999999754e-04,-1.000000000000000048e-04,-4.000000000000000083e-03,8.000000000000000167e-03,1.465419340259216385e-02
1.000000000000000021e-03,-3.500000000000000073e-03,-6.000000000000000125e-03,3.000000000000000062e-03,7.191074759544902224e-03
1.000000000000000021e-03,-1.100000000000000066e-03,-5.000000000000000104e-03,1.000000000000000021e-02,1.547414452363106083e-02
1.000000000000000021e-03,-1.000000000000000021e-03,-7.000000000000000146e-03,1.000000000000000021e-02,1.593166667389638372e-02
1.000000000000000021e-03,-8.999999999999999754e-04,-5.000000000000000104e-03,8.999999999999999320e-03,1.598943646788822739e-02
1.000000000000000021e-03,-8.999999999999999754e-04,-4.000000000000000083e-03,1.299999999999999940e-02,1.515945786996900600e-02
1.000000000000000021e-03,-8.000000000000000383e-04,-8.999999999999999320e-03,7.000000000000000146e-03,1.567904208823931236e-02
1.000000000000000021e-03,-8.000000000000000383e-04,-8.999999999999999320e-03,1.000000000000000021e-02,1.645134238272718402e-02
1.000000000000000021e-03,-8.000000000000000383e-04,-8.999999999999999320e-03,1.299999999999999940e-02,1.675673998116157873e-02
1.000000000000000021e-03,-6.999999999999999929e-04,-6.000000000000000125e-03,1.200000000000000025e-02,1.686453466770963805e-02
1.000000000000000021e-03,-5.999999999999999474e-04,-8.000000000000000167e-03,1.499999999999999944e-02,1.705775069421031770e-02
1.000000000000000021e-03,-5.999999999999999474e-04,-8.000000000000000167e-03,1.700000000000000122e-02,1.716981236170988384e-02
1.000000000000000021e-03,-5.999999999999999474e-04,-7.000000000000000146e-03,1.200000000000000025e-02,1.694107455611801663e-02
1.000000000000000021e-03,-5.999999999999999474e-04,-6.000000000000000125e-03,2.000000000000000042e-03,8.413566049195551205e-03
1.000000000000000021e-03,-5.999999999999999474e-04,-6.000000000000000125e-03,1.799999999999999864e-02,1.713387836020154389e-02
1.000000000000000021e-03,-5.999999999999999474e-04,-5.000000000000000104e-03,1.799999999999999864e-02,1.713387836020154389e-02
1.000000000000000021e-03,-5.000000000000000104e-04,-1.000000000000000021e-02,1.700000000000000122e-02,1.725392982415405521e-02
1.000000000000000021e-03,-5.000000000000000104e-04,-8.999999999999999320e-03,1.899999999999999953e-02,1.736853594437685541e-02
1.000000000000000021e-03,-5.000000000000000104e-04,-8.000000000000000167e-03,1.799999999999999864e-02,1.723145511798660628e-02
1.000000000000000021e-03,-5.000000000000000104e-04,-7.000000000000000146e-03,1.799999999999999864e-02,1.723145511798660628e-02
1.000000000000000021e-03,-4.000000000000000192e-04,-8.999999999999999320e-03,1.600000000000000033e-02,1.745986310943801328e-02
1.000000000000000021e-03,-4.000000000000000192e-04,-8.999999999999999320e-03,1.899999999999999953e-02,1.756036192289057302e-02
1.000000000000000021e-03,-4.000000000000000192e-04,-8.000000000000000167e-03,1.700000000000000122e-02,1.744559195878116198e-02
1.000000000000000021e-03,-4.000000000000000192e-04,-5.000000000000000104e-03,1.899999999999999953e-02,1.756036192289057302e-02
1.000000000000000021e-03,-4.000000000000000192e-04,-4.000000000000000083e-03,1.400000000000000029e-02,1.574097018953137667e-02
1.000000000000000021e-03,-2.999999999999999737e-04,-1.000000000000000021e-02,1.600000000000000033e-02,1.741741587926314005e-02
1.000000000000000021e-03,-2.999999999999999737e-04,-1.000000000000000021e-02,1.899999999999999953e-02,1.753922864586403979e-02
1.000000000000000021e-03,-2.999999999999999737e-04,-8.999999999999999320e-03,1.700000000000000122e-02,1.740459067092249221e-02
1.000000000000000021e-03,-2.999999999999999737e-04,-6.000000000000000125e-03,1.899999999999999953e-02,1.753922864586403979e-02
1.000000000000000021e-03,-2.999999999999999737e-04,-5.000000000000000104e-03,1.600000000000000033e-02,1.741741587926314005e-02
1.000000000000000021e-03,-2.000000000000000096e-04,-1.000000000000000021e-02,1.099999999999999936e-02,1.719876531864038965e-02
1.000000000000000021e-03,-2.000000000000000096e-04,-1.000000000000000021e-02,1.799999999999999864e-02,1.743722701405919784e-02
1.000000000000000021e-03,-2.000000000000000096e-04,-5.000000000000000104e-03,1.600000000000000033e-02,1.745940967796561633e-02
1.000000000000000021e-03,-1.000000000000000048e-04,-1.000000000000000021e-02,8.999999999999999320e-03,1.654885203591217185e-02
1.000000000000000021e-03,-1.000000000000000048e-04,-1.000000000000000021e-02,1.000000000000000021e-02,1.679703028248445001e-02
1.000000000000000021e-03,-1.000000000000000048e-04,-1.000000000000000021e-02,1.400000000000000029e-02,1.726806658890624180e-02
1.000000000000000021e-03,-1.000000000000000048e-04,-1.000000000000000021e-02,1.600000000000000033e-02,1.743030320696776700e-02
1.000000000000000021e-03,-1.000000000000000048e-04,-8.999999999999999320e-03,1.000000000000000021e-02,1.679703028248445001e-02
1.000000000000000021e-03,-1.000000000000000048e-04,-8.999999999999999320e-03,1.099999999999999936e-02,1.719235941249431035e-02
1.000000000000000021e-03,-1.000000000000000048e-04,-8.999999999999999320e-03,1.299999999999999940e-02,1.722097981248649906e-02
1.000000000000000021e-03,-1.000000000000000048e-04,-8.999999999999999320e-03,1.400000000000000029e-02,1.726806658890624180e-02
1.000000000000000021e-03,-1.000000000000000048e-04,-8.999999999999999320e-03,1.600000000000000033e-02,1.743030320696776700e-02
1.000000000000000021e-03,-1.000000000000000048e-04,-8.000000000000000167e-03,1.499999999999999944e-02,1.728992877850235588e-02
1.000000000000000021e-03,-1.000000000000000048e-04,-8.000000000000000167e-03,1.600000000000000033e-02,1.743030320696776700e-02
1.000000000000000021e-03,-1.000000000000000048e-04,-8.000000000000000167e-03,1.700000000000000122e-02,1.741747799862711915e-02
1.000000000000000021e-03,-1.000000000000000048e-04,-7.000000000000000146e-03,1.600000000000000033e-02,1.743030320696776700e-02
1.000000000000000021e-03,-1.000000000000000048e-04,-7.000000000000000146e-03,1.700000000000000122e-02,1.741747799862711915e-02
1.000000000000000021e-03,-1.000000000000000048e-04,-6.000000000000000125e-03,1.600000000000000033e-02,1.743030320696776700e-02
1.000000000000000021e-03,-1.000000000000000048e-04,-6.000000000000000125e-03,1.700000000000000122e-02,1.741747799862711915e-02
1.000000000000000021e-03,-1.000000000000000048e-04,-6.000000000000000125e-03,1.799999999999999864e-02,1.741490911239695558e-02
1.000000000000000021e-03,-1.000000000000000048e-04,-5.000000000000000104e-03,1.200000000000000025e-02,1.702140752618769987e-02
1.000000000000000021e-03,-1.000000000000000048e-04,-5.000000000000000104e-03,1.799999999999999864e-02,1.741490911239695558e-02
1.100000000000000066e-03,-4.899999999999999842e-03,-7.000000000000000146e-03,4.000000000000000083e-03,6.955339761308312885e-03
1.100000000000000066e-03,-3.500000000000000073e-03,-5.000000000000000104e-03,8.999999999999999320e-03,6.093162457731210631e-03
1.100000000000000066e-03,-3.299999999999999982e-03,-6.000000000000000125e-03,1.600000000000000033e-02,7.372964299653438427e-03
1.100000000000000066e-03,-2.599999999999999881e-03,-5.000000000000000104e-03,3.000000000000000062e-03,8.177433282044252114e-03
1.100000000000000066e-03,-2.500000000000000052e-03,-4.000000000000000083e-03,1.400000000000000029e-02,8.607284548336873939e-03
1.100000000000000066e-03,-1.100000000000000066e-03,-7.000000000000000146e-03,8.000000000000000167e-03,1.487606731559794337e-02
1.100000000000000066e-03,-8.999999999999999754e-04,-8.999999999999999320e-03,8.999999999999999320e-03,1.564050970334818907e-02
1.100000000000000066e-03,-8.000000000000000383e-04,-8.999999999999999320e-03,8.999999999999999320e-03,1.586740337941821427e-02
1.100000000000000066e-03,-8.000000000000000383e-04,-8.000000000000000167e-03,1.099999999999999936e-02,1.638407430274937265e-02
1.100000000000000066e-03,-6.999999999999999929e-04,-8.999999999999999320e-03,1.000000000000000021e-02,1.617914570270919880e-02
1.100000000000000066e-03,-6.999999999999999929e-04,-6.000000000000000125e-03,1.299999999999999940e-02,1.627271563271540794e-02
1.100000000000000066e-03,-5.999999999999999474e-04,-7.000000000000000146e-03,1.899999999999999953e-02,1.684990303021812602e-02
1.100000000000000066e-03,-4.000000000000000192e-04,-8.999999999999999320e-03,1.499999999999999944e-02,1.701655216497559991e-02
1.100000000000000066e-03,-4.000000000000000192e-04,-7.000000000000000146e-03,1.299999999999999940e-02,1.689191434555519997e-02
1.100000000000000066e-03,-2.000000000000000096e-04,-1.000000000000000021e-02,1.700000000000000122e-02,1.710142637186203018e-02
1.100000000000000066e-03,-1.000000000000000048e-04,-1.000000000000000021e-02,1.499999999999999944e-02,1.695053790584320416e-02
1.100000000000000066e-03,-1.000000000000000048e-04,-8.999999999999999320e-03,1.000000000000000021e-02,1.647219710949714838e-02
1.100000000000000066e-03,-1.000000000000000048e-04,-8.999999999999999320e-03,1.200000000000000025e-02,1.690970777125011884e-02
1.100000000000000066e-03,-1.000000000000000048e-04,-8.999999999999999320e-03,1.499999999999999944e-02,1.695053790584320416e-02
1.100000000000000066e-03,-1.000000000000000048e-04,-8.999999999999999320e-03,1.600000000000000033e-02,1.710542185360548056e-02
1.100000000000000066e-03,-1.000000000000000048e-04,-8.999999999999999320e-03,1.700000000000000122e-02,1.709258418323563594e-02
1.100000000000000066e-03,-1.000000000000000048e-04,-8.999999999999999320e-03,1.899999999999999953e-02,1.720535315229184542e-02
1.100000000000000066e-03,-1.000000000000000048e-04,-8.000000000000000167e-03,7.000000000000000146e-03,1.557121382188207150e-02
1.100000000000000066e-03,-1.000000000000000048e-04,-8.000000000000000167e-03,1.400000000000000029e-02,1.692867005829462243e-02
1.100000000000000066e-03,-1.000000000000000048e-04,-8.000000000000000167e-03,1.700000000000000122e-02,1.709258418323563594e-02
1.100000000000000066e-03,-1.000000000000000048e-04,-7.000000000000000146e-03,1.200000000000000025e-02,1.690970777125011884e-02
1.100000000000000066e-03,-1.000000000000000048e-04,-7.000000000000000146e-03,1.499999999999999944e-02,1.695053790584320416e-02
1.100000000000000066e-03,-1.000000000000000048e-04,-7.000000000000000146e-03,1.600000000000000033e-02,1.710542185360548056e-02
1.100000000000000066e-03,-1.000000000000000048e-04,-7.000000000000000146e-03,1.799999999999999864e-02,1.708663616073816463e-02
1.100000000000000066e-03,-1.000000000000000048e-04,-5.000000000000000104e-03,1.700000000000000122e-02,1.709258418323563594e-02
1.100000000000000066e-03,-1.000000000000000048e-04,-4.000000000000000083e-03,1.299999999999999940e-02,1.536708707586463205e-02
1.100000000000000066e-03,-1.000000000000000048e-04,-4.000000000000000083e-03,1.899999999999999953e-02,1.546341528267532531e-02
1.199999999999999895e-03,-4.100000000000000346e-03,-4.000000000000000083e-03,5.000000000000000104e-03,4.859449595436655771e-03
1.199999999999999895e-03,-3.899999999999999821e-03,-8.000000000000000167e-03,1.400000000000000029e-02,5.558556688232528346e-03
1.199999999999999895e-03,-8.000000000000000383e-04,-8.000000000000000167e-03,8.000000000000000167e-03,1.509926804763990840e-02
1.199999999999999895e-03,-6.999999999999999929e-04,-8.999999999999999320e-03,1.600000000000000033e-02,1.624977534142139912e-02
1.199999999999999895e-03,-5.000000000000000104e-04,-8.000000000000000167e-03,1.600000000000000033e-02,1.637810956087269038e-02
1.199999999999999895e-03,-5.000000000000000104e-04,-6.000000000000000125e-03,1.099999999999999936e-02,1.582895480281093156e-02
1.199999999999999895e-03,-2.999999999999999737e-04,-6.000000000000000125e-03,1.299999999999999940e-02,1.636776113095199728e-02
1.199999999999999895e-03,-1.000000000000000048e-04,-1.000000000000000021e-02,1.200000000000000025e-02,1.631925173918449129e-02
1.199999999999999895e-03,-1.000000000000000048e-04,-1.000000000000000021e-02,1.799999999999999864e-02,1.654951953161370309e-02
1.199999999999999895e-03,-1.000000000000000048e-04,-8.000000000000000167e-03,1.099999999999999936e-02,1.631488691490867379e-02
1.199999999999999895e-03,-1.000000000000000048e-04,-8.000000000000000167e-03,1.899999999999999953e-02,1.666824790395301029e-02
1.199999999999999895e-03,-1.000000000000000048e-04,-7.000000000000000146e-03,1.700000000000000122e-02,1.655546688587309495e-02
1.199999999999999895e-03,-1.000000000000000048e-04,-6.000000000000000125e-03,6.000000000000000125e-03,1.449840399960581651e-02
1.199999999999999895e-03,-1.000000000000000048e-04,-6.000000000000000125e-03,1.000000000000000021e-02,1.601270798538953488e-02
1.199999999999999895e-03,-1.000000000000000048e-04,-5.000000000000000104e-03,1.600000000000000033e-02,1.656830455624293957e-02
1.199999999999999895e-03,-1.000000000000000048e-04,-4.000000000000000083e-03,1.099999999999999936e-02,1.488167256365954295e-02
1.299999999999999940e-03,-4.199999999999999740e-03,-7.000000000000000146e-03,5.000000000000000104e-03,6.280663448790234707e-03
1.299999999999999940e-03,-1.100000000000000066e-03,-4.000000000000000083e-03,2.000000000000000042e-03,7.647228156715731376e-03
1.299999999999999940e-03,-8.999999999999999754e-04,-6.000000000000000125e-03,2.000000000000000042e-03,8.365394730606105084e-03
1.299999999999999940e-03,-8.999999999999999754e-04,-5.000000000000000104e-03,1.000000000000000021e-02,1.505330122665327411e-02
1.299999999999999940e-03,-6.999999999999999929e-04,-8.999999999999999320e-03,8.000000000000000167e-03,1.467042670071712698e-02
1.299999999999999940e-03,-4.000000000000000192e-04,-5.000000000000000104e-03,1.200000000000000025e-02,1.563425104797304746e-02
1.299999999999999940e-03,-2.999999999999999737e-04,-8.000000000000000167e-03,1.000000000000000021e-02,1.554814720647870394e-02
1.299999999999999940e-03,-1.000000000000000048e-04,-1.000000000000000021e-02,1.499999999999999944e-02,1.586943155410690254e-02
1.299999999999999940e-03,-1.000000000000000048e-04,-8.999999999999999320e-03,8.000000000000000167e-03,1.483083352512867478e-02
1.299999999999999940e-03,-1.000000000000000048e-04,-8.999999999999999320e-03,1.299999999999999940e-02,1.580924811292122589e-02
1.299999999999999940e-03,-1.000000000000000048e-04,-8.999999999999999320e-03,1.499999999999999944e-02,1.586943155410690254e-02
1.299999999999999940e-03,-1.000000000000000048e-04,-8.000000000000000167e-03,1.499999999999999944e-02,1.586943155410690254e-02
1.299999999999999940e-03,-1.000000000000000048e-04,-6.000000000000000125e-03,8.999999999999999320e-03,1.517070569605204720e-02
1.299999999999999940e-03,-1.000000000000000048e-04,-4.000000000000000083e-03,1.000000000000000021e-02,1.443323376071522016e-02
1.299999999999999940e-03,-1.000000000000000048e-04,-4.000000000000000083e-03,1.600000000000000033e-02,1.468324180320055260e-02
1.399999999999999986e-03,-4.899999999999999842e-03,-7.000000000000000146e-03,7.000000000000000146e-03,5.643746393602737041e-03
1.399999999999999986e-03,-3.200000000000000153e-03,-5.000000000000000104e-03,3.000000000000000062e-03,7.486927621725600682e-03
1.399999999999999986e-03,-3.099999999999999891e-03,-6.000000000000000125e-03,1.600000000000000033e-02,7.090772401423724516e-03
1.399999999999999986e-03,-1.699999999999999905e-03,-7.000000000000000146e-03,1.600000000000000033e-02,1.196325631768358280e-02
1.399999999999999986e-03,-1.199999999999999895e-03,-7.000000000000000146e-03,6.000000000000000125e-03,1.294160061209296761e-02
1.399999999999999986e-03,-1.000000000000000021e-03,-7.000000000000000146e-03,1.499999999999999944e-02,1.439595439797528541e-02
1.399999999999999986e-03,-8.999999999999999754e-04,-8.000000000000000167e-03,3.000000000000000062e-03,9.914427626915328640e-03
1.399999999999999986e-03,-8.999999999999999754e-04,-8.000000000000000167e-03,6.000000000000000125e-03,1.340153210115926918e-02
1.399999999999999986e-03,-8.999999999999999754e-04,-6.000000000000000125e-03,1.000000000000000021e-02,1.444832976456852588e-02
1.399999999999999986e-03,-5.999999999999999474e-04,-1.000000000000000021e-02,1.099999999999999936e-02,1.503984655073377710e-02
1.399999999999999986e-03,-5.000000000000000104e-04,-1.000000000000000021e-02,1.099999999999999936e-02,1.506317829681863563e-02
1.399999999999999986e-03,-4.000000000000000192e-04,-7.000000000000000146e-03,1.099999999999999936e-02,1.528742355853299206e-02
1.399999999999999986e-03,-2.999999999999999737e-04,-1.000000000000000021e-02,4.000000000000000083e-03,1.154356351560822426e-02
1.399999999999999986e-03,-2.000000000000000096e-04,-8.999999999999999320e-03,1.000000000000000021e-02,1.509487461117392862e-02
1.399999999999999986e-03,-2.000000000000000096e-04,-7.000000000000000146e-03,1.200000000000000025e-02,1.523492643346017680e-02
1.399999999999999986e-03,-1.000000000000000048e-04,-1.000000000000000021e-02,1.600000000000000033e-02,1.539516810259208314e-02
1.399999999999999986e-03,-1.000000000000000048e-04,-8.999999999999999320e-03,6.000000000000000125e-03,1.377985563621480190e-02
1.399999999999999986e-03,-1.000000000000000048e-04,-8.000000000000000167e-03,8.999999999999999320e-03,1.462711117961998722e-02
1.399999999999999986e-03,-1.000000000000000048e-04,-7.000000000000000146e-03,1.099999999999999936e-02,1.518164034386270192e-02
1.399999999999999986e-03,-1.000000000000000048e-04,-7.000000000000000146e-03,1.299999999999999940e-02,1.517326517319665322e-02
1.399999999999999986e-03,-1.000000000000000048e-04,-5.000000000000000104e-03,1.299999999999999940e-02,1.494203582718690512e-02
1.399999999999999986e-03,-1.000000000000000048e-04,-4.000000000000000083e-03,1.400000000000000029e-02,1.379185220253798493e-02
1.500000000000000031e-03,-3.599999999999999901e-03,-5.000000000000000104e-03,1.400000000000000029e-02,6.181746713702107945e-03
1.500000000000000031e-03,-1.299999999999999940e-03,-4.000000000000000083e-03,7.000000000000000146e-03,1.221649019944480268e-02
1.500000000000000031e-03,-1.000000000000000048e-04,-1.000000000000000021e-02,1.299999999999999940e-02,1.484182883918031860e-02
1.500000000000000031e-03,-1.000000000000000048e-04,-6.000000000000000125e-03,8.000000000000000167e-03,1.410211944888898304e-02
1.500000000000000031e-03,-1.000000000000000048e-04,-6.000000000000000125e-03,1.000000000000000021e-02,1.465216555977552973e-02
1.500000000000000031e-03,-1.000000000000000048e-04,-6.000000000000000125e-03,1.700000000000000122e-02,1.504902895243997139e-02
1.500000000000000031e-03,-1.000000000000000048e-04,-5.000000000000000104e-03,8.000000000000000167e-03,1.410211944888898304e-02
1.500000000000000031e-03,-1.000000000000000048e-04,-5.000000000000000104e-03,1.200000000000000025e-02,1.461180937507664847e-02
1.600000000000000077e-03,-4.599999999999999922e-03,-1.000000000000000021e-02,8.000000000000000167e-03,7.173920733578714563e-03
1.600000000000000077e-03,-2.899999999999999800e-03,-7.000000000000000146e-03,4.000000000000000083e-03,9.472747710898727150e-03
1.600000000000000077e-03,-2.200000000000000133e-03,-6.000000000000000125e-03,8.999999999999999320e-03,9.895556765367782837e-03
1.600000000000000077e-03,-1.699999999999999905e-03,-1.000000000000000021e-02,1.899999999999999953e-02,1.169118281669786000e-02
1.600000000000000077e-03,-1.600000000000000077e-03,-6.000000000000000125e-03,1.499999999999999944e-02,1.191257622206256736e-02
1.600000000000000077e-03,-1.000000000000000048e-04,-1.000000000000000021e-02,8.000000000000000167e-03,1.387830209827037829e-02
1.600000000000000077e-03,-1.000000000000000048e-04,-8.000000000000000167e-03,8.000000000000000167e-03,1.387830209827037829e-02
1.600000000000000077e-03,-1.000000000000000048e-04,-8.000000000000000167e-03,1.400000000000000029e-02,1.469456281657178023e-02
1.600000000000000077e-03,-1.000000000000000048e-04,-4.000000000000000083e-03,6.000000000000000125e-03,1.272317848525560992e-02
1.600000000000000077e-03,-1.000000000000000048e-04,-4.000000000000000083e-03,8.999999999999999320e-03,1.349524238902186611e-02
1.600000000000000077e-03,-1.000000000000000048e-04,-4.000000000000000083e-03,1.700000000000000122e-02,1.392047094160042686e-02
1.699999999999999905e-03,-4.100000000000000346e-03,-1.000000000000000021e-02,1.200000000000000025e-02,5.128252350588056660e-03
1.699999999999999905e-03,-1.899999999999999996e-03,-4.000000000000000083e-03,4.000000000000000083e-03,9.274518776001060977e-03
1.699999999999999905e-03,-1.500000000000000031e-03,-8.999999999999999320e-03,1.200000000000000025e-02,1.180135067333129562e-02
1.699999999999999905e-03,-1.199999999999999895e-03,-1.000000000000000021e-02,7.000000000000000146e-03,1.205194048727996868e-02
1.699999999999999905e-03,-1.199999999999999895e-03,-4.000000000000000083e-03,8.000000000000000167e-03,1.187956575944812757e-02
1.699999999999999905e-03,-4.000000000000000192e-04,-6.000000000000000125e-03,4.000000000000000083e-03,1.099112068487644381e-02
1.699999999999999905e-03,-1.000000000000000048e-04,-1.000000000000000021e-02,1.000000000000000021e-02,1.383893444095674920e-02
1.699999999999999905e-03,-1.000000000000000048e-04,-8.999999999999999320e-03,1.899999999999999953e-02,1.415333044994160350e-02
1.699999999999999905e-03,-1.000000000000000048e-04,-6.000000000000000125e-03,1.499999999999999944e-02,1.414881043091558745e-02
1.799999999999999951e-03,-4.000000000000000083e-03,-4.000000000000000083e-03,1.799999999999999864e-02,4.223672428961561080e-03
1.799999999999999951e-03,-3.799999999999999992e-03,-5.000000000000000104e-03,4.000000000000000083e-03,7.906062032256636757e-03
1.799999999999999951e-03,-3.700000000000000164e-03,-8.000000000000000167e-03,1.400000000000000029e-02,6.154776675854992454e-03
1.799999999999999951e-03,-3.299999999999999982e-03,-8.999999999999999320e-03,8.000000000000000167e-03,8.100094129579783059e-03
1.799999999999999951e-03,-2.899999999999999800e-03,-6.000000000000000125e-03,2.000000000000000042e-03,6.890785133211748022e-03
1.799999999999999951e-03,-2.299999999999999961e-03,-1.000000000000000021e-02,1.899999999999999953e-02,9.172665264893731935e-03
1.799999999999999951e-03,-1.399999999999999986e-03,-6.000000000000000125e-03,8.000000000000000167e-03,1.149505894526497984e-02
1.799999999999999951e-03,-1.299999999999999940e-03,-1.000000000000000021e-02,6.000000000000000125e-03,1.162816307009939196e-02
1.899999999999999996e-03,-4.300000000000000003e-03,-4.000000000000000083e-03,1.899999999999999953e-02,4.251436365411738125e-03
1.899999999999999996e-03,-3.099999999999999891e-03,-7.000000000000000146e-03,1.400000000000000029e-02,6.824047398759816585e-03
1.899999999999999996e-03,-2.700000000000000143e-03,-8.000000000000000167e-03,2.000000000000000042e-03,6.731867312244611996e-03
1.899999999999999996e-03,-4.000000000000000192e-04,-6.000000000000000125e-03,1.899999999999999953e-02,1.310665676146044109e-02
2.000000000000000042e-03,-5.000000000000000104e-03,-8.000000000000000167e-03,2.000000000000000042e-03,6.125002689478841258e-03
2.000000000000000042e-03,-4.599999999999999922e-03,-8.000000000000000167e-03,1.899999999999999953e-02,5.029410138227679954e-03
2.000000000000000042e-03,-3.099999999999999891e-03,-5.000000000000000104e-03,1.099999999999999936e-02,6.575582359230648655e-03
2.000000000000000042e-03,-2.799999999999999972e-03,-1.000000000000000021e-02,1.099999999999999936e-02,7.455716351731343956e-03
2.000000000000000042e-03,-2.200000000000000133e-03,-8.999999999999999320e-03,1.499999999999999944e-02,9.099923938346462376e-03
2.000000000000000042e-03,-1.500000000000000031e-03,-6.000000000000000125e-03,7.000000000000000146e-03,1.041997096081459864e-02
2.000000000000000042e-03,-1.000000000000000048e-04,-8.999999999999999320e-03,1.899999999999999953e-02,1.237564806922301398e-02
2.099999999999999870e-03,-2.899999999999999800e-03,-5.000000000000000104e-03,1.299999999999999940e-02,6.909197605137759948e-03
2.099999999999999870e-03,-2.799999999999999972e-03,-4.000000000000000083e-03,1.799999999999999864e-02,6.367798060207012154e-03
2.099999999999999870e-03,-1.100000000000000066e-03,-6.000000000000000125e-03,1.600000000000000033e-02,1.099413135472864997e-02
2.099999999999999870e-03,-1.000000000000000021e-03,-5.000000000000000104e-03,1.499999999999999944e-02,1.090441212262197035e-02
2.099999999999999870e-03,-2.999999999999999737e-04,-5.000000000000000104e-03,2.000000000000000042e-03,6.843652768333643652e-03
2.099999999999999870e-03,-1.000000000000000048e-04,-6.000000000000000125e-03,1.899999999999999953e-02,1.170449324020640669e-02
2.200000000000000133e-03,-4.700000000000000185e-03,-8.999999999999999320e-03,4.000000000000000083e-03,6.787044982335034386e-03
2.200000000000000133e-03,-4.000000000000000083e-03,-8.999999999999999320e-03,4.000000000000000083e-03,6.989043494994261196e-03
2.200000000000000133e-03,-3.899999999999999821e-03,-8.999999999999999320e-03,1.200000000000000025e-02,5.355005691319506336e-03
2.200000000000000133e-03,-1.399999999999999986e-03,-6.000000000000000125e-03,6.000000000000000125e-03,9.330353873058533018e-03
2.200000000000000133e-03,-2.000000000000000096e-04,-5.000000000000000104e-03,3.000000000000000062e-03,7.532706035496615320e-03
2.200000000000000133e-03,-1.000000000000000048e-04,-8.000000000000000167e-03,6.000000000000000125e-03,9.721429555610363454e-03
2.299999999999999961e-03,-4.599999999999999922e-03,-8.999999999999999320e-03,8.999999999999999320e-03,5.245837773212508499e-03
2.299999999999999961e-03,-1.799999999999999951e-03,-4.000000000000000083e-03,5.000000000000000104e-03,6.890804460934768158e-03
2.299999999999999961e-03,-5.000000000000000104e-04,-1.000000000000000021e-02,1.700000000000000122e-02,9.940846595237712996e-03
2.399999999999999790e-03,-5.000000000000000104e-03,-7.000000000000000146e-03,1.299999999999999940e-02,4.917712492949670097e-03
2.399999999999999790e-03,-4.899999999999999842e-03,-1.000000000000000021e-02,8.999999999999999320e-03,5.023351074395446085e-03
2.399999999999999790e-03,-1.600000000000000077e-03,-7.000000000000000146e-03,1.299999999999999940e-02,8.343832709237396922e-03
2.399999999999999790e-03,-8.000000000000000383e-04,-7.000000000000000146e-03,6.000000000000000125e-03,8.547445538850784175e-03
2.399999999999999790e-03,-6.999999999999999929e-04,-5.000000000000000104e-03,1.299999999999999940e-02,8.906259782708914746e-03
2.399999999999999790e-03,-1.000000000000000048e-04,-1.000000000000000021e-02,5.000000000000000104e-03,8.153487411950549255e-03
2.500000000000000052e-03,-4.799999999999999580e-03,-6.000000000000000125e-03,8.999999999999999320e-03,4.440308326291960046e-03
2.500000000000000052e-03,-4.599999999999999922e-03,-7.000000000000000146e-03,6.000000000000000125e-03,6.004733046279327538e-03
2.500000000000000052e-03,-3.099999999999999891e-03,-1.000000000000000021e-02,1.700000000000000122e-02,6.007478549081358629e-03
2.500000000000000052e-03,-1.399999999999999986e-03,-8.999999999999999320e-03,1.299999999999999940e-02,8.064799441476028577e-03
2.599999999999999881e-03,-4.599999999999999922e-03,-1.000000000000000021e-02,8.000000000000000167e-03,4.897403183851930034e-03
2.599999999999999881e-03,-4.599999999999999922e-03,-5.000000000000000104e-03,1.400000000000000029e-02,4.301895228509285303e-03
2.599999999999999881e-03,-2.299999999999999961e-03,-8.000000000000000167e-03,3.000000000000000062e-03,5.868543386612317184e-03
2.599999999999999881e-03,-1.600000000000000077e-03,-8.999999999999999320e-03,1.400000000000000029e-02,7.669990031337047334e-03
2.599999999999999881e-03,-1.299999999999999940e-03,-7.000000000000000146e-03,2.000000000000000042e-03,5.319184570524757016e-03
2.599999999999999881e-03,-8.999999999999999754e-04,-4.000000000000000083e-03,5.000000000000000104e-03,6.752215930815856464e-03
2.700000000000000143e-03,-4.700000000000000185e-03,-1.000000000000000021e-02,6.000000000000000125e-03,5.655361973471240492e-03
2.700000000000000143e-03,-4.199999999999999740e-03,-6.000000000000000125e-03,5.000000000000000104e-03,5.628831630162862802e-03
2.700000000000000143e-03,-3.500000000000000073e-03,-5.000000000000000104e-03,1.899999999999999953e-02,4.398502586231006761e-03
2.700000000000000143e-03,-3.399999999999999811e-03,-8.000000000000000167e-03,1.700000000000000122e-02,5.476404702746478018e-03
2.799999999999999972e-03,-4.899999999999999842e-03,-1.000000000000000021e-02,1.000000000000000021e-02,4.137645722379045161e-03
2.799999999999999972e-03,-4.199999999999999740e-03,-8.999999999999999320e-03,1.799999999999999864e-02,4.255601571853684546e-03
2.799999999999999972e-03,-4.000000000000000083e-03,-8.999999999999999320e-03,1.799999999999999864e-02,4.402949981240055974e-03
2.799999999999999972e-03,-3.399999999999999811e-03,-5.000000000000000104e-03,1.099999999999999936e-02,4.801454601735498373e-03
2.799999999999999972e-03,-3.299999999999999982e-03,-1.000000000000000021e-02,1.299999999999999940e-02,5.295803477492153424e-03
2.799999999999999972e-03,-1.399999999999999986e-03,-1.000000000000000021e-02,1.200000000000000025e-02,7.228845491890137365e-03
2.799999999999999972e-03,-8.000000000000000383e-04,-1.000000000000000021e-02,6.000000000000000125e-03,7.190755234732249326e-03
2.899999999999999800e-03,-3.899999999999999821e-03,-8.999999999999999320e-03,1.299999999999999940e-02,4.564262441391371723e-03
2.899999999999999800e-03,-3.500000000000000073e-03,-6.000000000000000125e-03,1.000000000000000021e-02,4.389919703630560006e-03
2.899999999999999800e-03,-3.299999999999999982e-03,-7.000000000000000146e-03,1.400000000000000029e-02,4.970857411844105227e-03
2.899999999999999800e-03,-3.099999999999999891e-03,-6.000000000000000125e-03,8.999999999999999320e-03,4.763370713398799514e-03
2.899999999999999800e-03,-1.299999999999999940e-03,-8.999999999999999320e-03,1.200000000000000025e-02,6.717022644785633316e-03
2.899999999999999800e-03,-5.000000000000000104e-04,-1.000000000000000021e-02,8.999999999999999320e-03,6.770365820312171032e-03
2.899999999999999800e-03,-1.000000000000000048e-04,-4.000000000000000083e-03,6.000000000000000125e-03,5.946455340739354931e-03
3.000000000000000062e-03,-2.700000000000000143e-03,-4.000000000000000083e-03,2.000000000000000042e-03,3.735738303315377755e-03
3.000000000000000062e-03,-2.500000000000000052e-03,-1.000000000000000021e-02,5.000000000000000104e-03,5.484798899996798371e-03
3.000000000000000062e-03,-1.600000000000000077e-03,-7.000000000000000146e-03,1.700000000000000122e-02,6.480937108743363255e-03
3.099999999999999891e-03,-4.599999999999999922e-03,-5.000000000000000104e-03,8.000000000000000167e-03,4.468406926001452020e-03
3.099999999999999891e-03,-2.399999999999999790e-03,-7.000000000000000146e-03,1.099999999999999936e-02,5.597827714568064106e-03
3.099999999999999891e-03,-2.000000000000000042e-03,-5.000000000000000104e-03,1.499999999999999944e-02,6.185846254506678805e-03
3.099999999999999891e-03,-1.000000000000000048e-04,-4.000000000000000083e-03,1.000000000000000021e-02,5.637723010385914217e-03
3.099999999999999891e-03,-1.000000000000000048e-04,-4.000000000000000083e-03,1.200000000000000025e-02,5.738245555397378586e-03
3.200000000000000153e-03,-3.599999999999999901e-03,-6.000000000000000125e-03,1.000000000000000021e-02,4.347881176010789765e-03
3.200000000000000153e-03,-3.399999999999999811e-03,-1.000000000000000021e-02,1.700000000000000122e-02,4.762321879924587102e-03
3.200000000000000153e-03,-3.200000000000000153e-03,-4.000000000000000083e-03,7.000000000000000146e-03,4.055893079418464511e-03
3.200000000000000153e-03,-8.000000000000000383e-04,-6.000000000000000125e-03,8.999999999999999320e-03,5.884345209521199896e-03
3.200000000000000153e-03,-5.999999999999999474e-04,-7.000000000000000146e-03,1.499999999999999944e-02,6.412770596274425597e-03
3.200000000000000153e-03,-4.000000000000000192e-04,-1.000000000000000021e-02,2.000000000000000042e-03,3.929621745480771193e-03
3.299999999999999982e-03,-4.599999999999999922e-03,-7.000000000000000146e-03,1.600000000000000033e-02,3.606506942532725253e-03
3.299999999999999982e-03,-4.599999999999999922e-03,-5.000000000000000104e-03,1.099999999999999936e-02,3.363877555244062893e-03
3.299999999999999982e-03,-3.799999999999999992e-03,-4.000000000000000083e-03,1.400000000000000029e-02,2.982613152712863900e-03
3.299999999999999982e-03,-3.200000000000000153e-03,-8.999999999999999320e-03,1.200000000000000025e-02,4.468722868419193819e-03
3.299999999999999982e-03,-1.899999999999999996e-03,-7.000000000000000146e-03,3.000000000000000062e-03,4.077565814232378578e-03
3.299999999999999982e-03,-1.399999999999999986e-03,-4.000000000000000083e-03,1.799999999999999864e-02,5.038525130396526337e-03
3.299999999999999982e-03,-8.000000000000000383e-04,-5.000000000000000104e-03,2.000000000000000042e-03,3.702117252794209605e-03
3.299999999999999982e-03,-4.000000000000000192e-04,-8.999999999999999320e-03,1.200000000000000025e-02,6.056433085529319693e-03
3.399999999999999811e-03,-4.700000000000000185e-03,-5.000000000000000104e-03,1.299999999999999940e-02,3.715538930230338939e-03
3.399999999999999811e-03,-1.799999999999999951e-03,-8.999999999999999320e-03,1.899999999999999953e-02,5.398233622159654202e-03
3.500000000000000073e-03,-4.599999999999999922e-03,-6.000000000000000125e-03,3.000000000000000062e-03,2.986238171821632877e-03
3.500000000000000073e-03,-4.100000000000000346e-03,-8.000000000000000167e-03,1.799999999999999864e-02,3.503954034820522430e-03
3.500000000000000073e-03,-3.500000000000000073e-03,-1.000000000000000021e-02,8.000000000000000167e-03,4.231886277899855713e-03
3.500000000000000073e-03,-3.399999999999999811e-03,-6.000000000000000125e-03,8.000000000000000167e-03,4.246367699498007284e-03
3.500000000000000073e-03,-2.299999999999999961e-03,-4.000000000000000083e-03,1.899999999999999953e-02,3.859547340555709131e-03
3.500000000000000073e-03,-1.500000000000000031e-03,-1.000000000000000021e-02,1.200000000000000025e-02,4.810509037237073807e-03
3.599999999999999901e-03,-4.899999999999999842e-03,-8.999999999999999320e-03,1.600000000000000033e-02,2.954595847875384016e-03
3.599999999999999901e-03,-4.199999999999999740e-03,-5.000000000000000104e-03,1.499999999999999944e-02,3.103130325455326268e-03
3.599999999999999901e-03,-3.099999999999999891e-03,-8.999999999999999320e-03,1.600000000000000033e-02,3.744588484536545518e-03
3.599999999999999901e-03,-1.699999999999999905e-03,-1.000000000000000021e-02,5.000000000000000104e-03,3.372385451399534384e-03
3.599999999999999901e-03,-1.600000000000000077e-03,-8.999999999999999320e-03,1.799999999999999864e-02,4.744275959895721990e-03
3.599999999999999901e-03,-2.000000000000000096e-04,-1.000000000000000021e-02,1.499999999999999944e-02,4.554632914740855409e-03
3.700000000000000164e-03,-5.000000000000000104e-03,-4.000000000000000083e-03,1.200000000000000025e-02,2.321923656240845561e-03
3.700000000000000164e-03,-4.300000000000000003e-03,-5.000000000000000104e-03,1.499999999999999944e-02,3.075944476177430546e-03
3.700000000000000164e-03,-2.899999999999999800e-03,-1.000000000000000021e-02,1.400000000000000029e-02,3.647457240630312767e-03
3.700000000000000164e-03,-2.700000000000000143e-03,-8.999999999999999320e-03,1.000000000000000021e-02,3.534999283839713926e-03
3.700000000000000164e-03,-1.299999999999999940e-03,-6.000000000000000125e-03,8.999999999999999320e-03,3.902718899420523635e-03
3.799999999999999992e-03,-4.899999999999999842e-03,-6.000000000000000125e-03,1.700000000000000122e-02,3.159401183319851536e-03
3.799999999999999992e-03,-3.899999999999999821e-03,-4.000000000000000083e-03,1.799999999999999864e-02,2.580001684653616956e-03
3.799999999999999992e-03,-3.500000000000000073e-03,-5.000000000000000104e-03,1.299999999999999940e-02,3.362180344224996367e-03
3.799999999999999992e-03,-3.099999999999999891e-03,-4.000000000000000083e-03,6.000000000000000125e-03,2.455459222682196581e-03
3.799999999999999992e-03,-3.000000000000000062e-03,-4.000000000000000083e-03,1.700000000000000122e-02,3.226454929957081521e-03
3.799999999999999992e-03,-2.500000000000000052e-03,-1.000000000000000021e-02,6.000000000000000125e-03,3.020148278284612211e-03
3.799999999999999992e-03,-1.899999999999999996e-03,-1.000000000000000021e-02,5.000000000000000104e-03,2.977228496629877146e-03
3.799999999999999992e-03,-1.699999999999999905e-03,-1.000000000000000021e-02,1.200000000000000025e-02,3.762489574636490672e-03
3.899999999999999821e-03,-4.700000000000000185e-03,-8.999999999999999320e-03,5.000000000000000104e-03,2.536575447923327016e-03
3.899999999999999821e-03,-4.400000000000000265e-03,-6.000000000000000125e-03,6.000000000000000125e-03,2.592218151725446309e-03
3.899999999999999821e-03,-4.199999999999999740e-03,-7.000000000000000146e-03,7.000000000000000146e-03,3.334729892380039473e-03
3.899999999999999821e-03,-2.500000000000000052e-03,-4.000000000000000083e-03,3.000000000000000062e-03,2.090070749130476697e-03
3.899999999999999821e-03,-2.399999999999999790e-03,-8.999999999999999320e-03,1.099999999999999936e-02,3.499266866868838873e-03
3.899999999999999821e-03,-2.200000000000000133e-03,-6.000000000000000125e-03,1.200000000000000025e-02,3.704659513537609909e-03
3.899999999999999821e-03,-1.600000000000000077e-03,-8.000000000000000167e-03,1.700000000000000122e-02,3.946752174613279984e-03
3.899999999999999821e-03,-1.199999999999999895e-03,-8.000000000000000167e-03,1.600000000000000033e-02,4.122899022439605043e-03
3.899999999999999821e-03,-1.000000000000000021e-03,-5.000000000000000104e-03,8.999999999999999320e-03,3.782183572218455938e-03
4.000000000000000083e-03,-3.899999999999999821e-03,-6.000000000000000125e-03,1.799999999999999864e-02,2.891013850867841899e-03
4.000000000000000083e-03,-3.399999999999999811e-03,-1.000000000000000021e-02,7.000000000000000146e-03,2.901094370801396427e-03
4.000000000000000083e-03,-1.899999999999999996e-03,-1.000000000000000021e-02,1.899999999999999953e-02,3.397807691470844209e-03
4.000000000000000083e-03,-1.399999999999999986e-03,-1.000000000000000021e-02,1.200000000000000025e-02,3.405390691353052390e-03
4.100000000000000346e-03,-2.999999999999999737e-04,-4.000000000000000083e-03,7.000000000000000146e-03,2.153979067040093405e-03
4.199999999999999740e-03,-4.700000000000000185e-03,-8.000000000000000167e-03,1.799999999999999864e-02,2.416434804262493265e-03
4.199999999999999740e-03,-1.100000000000000066e-03,-7.000000000000000146e-03,6.000000000000000125e-03,2.237410078368021280e-03
4.199999999999999740e-03,-8.999999999999999754e-04,-6.000000000000000125e-03,1.600000000000000033e-02,3.076304020307238287e-03
4.199999999999999740e-03,-6.999999999999999929e-04,-6.000000000000000125e-03,1.400000000000000029e-02,2.824738060029052724e-03
4.199999999999999740e-03,-4.000000000000000192e-04,-8.000000000000000167e-03,7.000000000000000146e-03,2.491123851504892239e-03
4.300000000000000003e-03,-4.700000000000000185e-03,-1.000000000000000021e-02,7.000000000000000146e-03,2.157159560159253690e-03
4.300000000000000003e-03,-3.200000000000000153e-03,-4.000000000000000083e-03,1.400000000000000029e-02,2.172859214266478767e-03
4.300000000000000003e-03,-3.099999999999999891e-03,-8.999999999999999320e-03,1.200000000000000025e-02,2.823948507734660909e-03
4.300000000000000003e-03,-1.600000000000000077e-03,-6.000000000000000125e-03,5.000000000000000104e-03,2.011680365021623236e-03
4.400000000000000265e-03,-4.300000000000000003e-03,-6.000000000000000125e-03,3.000000000000000062e-03,1.359977655568284181e-03
4.400000000000000265e-03,-4.199999999999999740e-03,-8.000000000000000167e-03,2.000000000000000042e-03,1.475162172818436559e-03
4.400000000000000265e-03,-3.299999999999999982e-03,-1.000000000000000021e-02,1.200000000000000025e-02,2.723049848968295359e-03
4.400000000000000265e-03,-2.099999999999999870e-03,-6.000000000000000125e-03,1.499999999999999944e-02,2.919352959433465892e-03
4.400000000000000265e-03,-2.099999999999999870e-03,-4.000000000000000083e-03,2.000000000000000042e-03,1.264858976068406003e-03
4.499999999999999660e-03,-3.799999999999999992e-03,-5.000000000000000104e-03,5.000000000000000104e-03,1.481951403816268633e-03
4.499999999999999660e-03,-3.700000000000000164e-03,-7.000000000000000146e-03,1.099999999999999936e-02,2.345056442547910520e-03
4.499999999999999660e-03,-3.299999999999999982e-03,-5.000000000000000104e-03,1.299999999999999940e-02,2.386339032894113556e-03
4.499999999999999660e-03,-1.500000000000000031e-03,-4.000000000000000083e-03,1.600000000000000033e-02,2.053903200071652106e-03
4.599999999999999922e-03,-4.000000000000000083e-03,-6.000000000000000125e-03,7.000000000000000146e-03,1.968778786400950023e-03
4.599999999999999922e-03,-3.700000000000000164e-03,-5.000000000000000104e-03,1.899999999999999953e-02,2.064193766876192080e-03
4.599999999999999922e-03,-2.700000000000000143e-03,-7.000000000000000146e-03,1.499999999999999944e-02,2.490695733614911676e-03
4.599999999999999922e-03,-2.299999999999999961e-03,-8.999999999999999320e-03,3.000000000000000062e-03,1.396071182103114736e-03
4.599999999999999922e-03,-2.000000000000000042e-03,-7.000000000000000146e-03,8.999999999999999320e-03,2.185164504968817485e-03
4.599999999999999922e-03,-1.799999999999999951e-03,-4.000000000000000083e-03,8.999999999999999320e-03,1.626737383700627105e-03
4.599999999999999922e-03,-1.199999999999999895e-03,-6.000000000000000125e-03,4.000000000000000083e-03,1.554458098889077797e-03
4.599999999999999922e-03,-8.999999999999999754e-04,-5.000000000000000104e-03,7.000000000000000146e-03,1.999619750616346645e-03
4.700000000000000185e-03,-4.700000000000000185e-03,-8.000000000000000167e-03,1.600000000000000033e-02,1.869652282955591759e-03
4.700000000000000185e-03,-4.700000000000000185e-03,-4.000000000000000083e-03,1.499999999999999944e-02,1.205777633112325910e-03
4.700000000000000185e-03,-3.799999999999999992e-03,-8.000000000000000167e-03,1.299999999999999940e-02,1.939680099344785703e-03
4.700000000000000185e-03,-8.999999999999999754e-04,-6.000000000000000125e-03,1.600000000000000033e-02,2.352526495426729338e-03
4.799999999999999580e-03,-4.400000000000000265e-03,-8.999999999999999320e-03,1.700000000000000122e-02,1.554036038718001420e-03
4.799999999999999580e-03,-3.500000000000000073e-03,-6.000000000000000125e-03,5.000000000000000104e-03,1.141629294273538387e-03
4.799999999999999580e-03,-1.899999999999999996e-03,-5.000000000000000104e-03,1.499999999999999944e-02,1.942303222218208503e-03
4.799999999999999580e-03,-6.999999999999999929e-04,-4.000000000000000083e-03,1.700000000000000122e-02,1.401617850684938691e-03
4.799999999999999580e-03,-2.999999999999999737e-04,-1.000000000000000021e-02,1.099999999999999936e-02,1.845662985294774239e-03
4.799999999999999580e-03,-1.000000000000000048e-04,-7.000000000000000146e-03,8.000000000000000167e-03,1.690147133308966864e-03
4.899999999999999842e-03,-5.000000000000000104e-03,-1.000000000000000021e-02,2.000000000000000042e-03,9.732623374812093397e-04
4.899999999999999842e-03,-5.000000000000000104e-03,-1.000000000000000021e-02,8.000000000000000167e-03,1.511326179256351852e-03
4.899999999999999842e-03,-5.000000000000000104e-03,-1.000000000000000021e-02,1.899999999999999953e-02,1.167043847354983042e-03
4.899999999999999842e-03,-5.000000000000000104e-03,-4.000000000000000083e-03,2.000000000000000042e-03,7.629591407311786750e-04
4.899999999999999842e-03,-5.000000000000000104e-03,-4.000000000000000083e-03,7.000000000000000146e-03,9.902428302883750644e-04
4.899999999999999842e-03,-5.000000000000000104e-03,-4.000000000000000083e-03,1.200000000000000025e-02,7.911496728945796803e-04
4.899999999999999842e-03,-5.000000000000000104e-03,-4.000000000000000083e-03,1.899999999999999953e-02,6.851367632437557753e-04
4.899999999999999842e-03,-1.399999999999999986e-03,-1.000000000000000021e-02,1.899999999999999953e-02,1.904204448761861925e-03
4.899999999999999842e-03,-8.000000000000000383e-04,-5.000000000000000104e-03,1.299999999999999940e-02,1.724239734263102817e-03
4.899999999999999842e-03,-1.000000000000000048e-04,-1.000000000000000021e-02,2.000000000000000042e-03,9.732623374812093397e-04
4.899999999999999842e-03,-1.000000000000000048e-04,-1.000000000000000021e-02,8.999999999999999320e-03,1.782311425349641975e-03
4.899999999999999842e-03,-1.000000000000000048e-04,-1.000000000000000021e-02,1.000000000000000021e-02,1.838862421803080880e-03
4.899999999999999842e-03,-1.000000000000000048e-04,-1.000000000000000021e-02,1.400000000000000029e-02,1.924561314335912531e-03
4.899999999999999842e-03,-1.000000000000000048e-04,-1.000000000000000021e-02,1.899999999999999953e-02,1.863989274457505908e-03
4.899999999999999842e-03,-1.000000000000000048e-04,-4.000000000000000083e-03,1.899999999999999953e-02,1.324112007276065286e-03
