2.000000000000000000e+01,2.000000000000000042e-03,1.000000000000000000e+00,1.000000000000000000e+00,5.000000000000000000e+01,5.000000000000000000e+00,2.000000000000000000e+01,9.900000000000000000e+01,2.000000000000000000e+01,2.000000000000000000e+00,1.000000000000000000e+00,1.000000000000000000e+00,1.000000000000000000e+00,0.000000000000000000e+00,2.999999999999999737e-04,-4.100000000000000346e-03,-7.000000000000000146e-03,1.700000000000000122e-02,2.000000000000000000e+01,5.979420647512889708e-02,3.000000000000000000e+01,3.424293270428316696e-04,1.952966818977119835e-03
2.000000000000000000e+01,2.000000000000000042e-03,3.000000000000000000e+00,0.000000000000000000e+00,4.000000000000000000e+01,1.000000000000000000e+01,4.000000000000000000e+01,9.900000000000000000e+01,2.000000000000000000e+01,1.000000000000000000e+00,1.000000000000000000e+00,1.000000000000000000e+00,1.000000000000000000e+00,1.000000000000000000e+00,2.000000000000000042e-03,-3.700000000000000164e-03,-6.000000000000000125e-03,8.999999999999999320e-03,0.000000000000000000e+00,1.594982017527146745e-02,4.000000000000000000e+01,3.440653459213942377e-04,3.972056161434422863e-04
2.000000000000000000e+01,2.000000000000000042e-03,4.000000000000000000e+00,2.000000000000000000e+00,2.000000000000000000e+01,2.000000000000000000e+01,1.000000000000000000e+01,9.900000000000000000e+01,2.000000000000000000e+01,1.000000000000000000e+00,0.000000000000000000e+00,1.000000000000000000e+00,1.000000000000000000e+00,1.000000000000000000e+00,8.999999999999999754e-04,-2.700000000000000143e-03,-1.000000000000000021e-02,5.000000000000000104e-03,1.000000000000000000e+01,1.405822348675123123e-02,6.000000000000000000e+01,3.750039555872050146e-04,2.335006161389596604e-04
2.000000000000000000e+01,3.000000000000000062e-03,1.000000000000000000e+00,1.000000000000000000e+00,2.000000000000000000e+01,5.000000000000000000e+00,1.000000000000000000e+00,9.900000000000000000e+01,2.000000000000000000e+01,1.000000000000000000e+00,0.000000000000000000e+00,1.000000000000000000e+00,1.000000000000000000e+00,1.000000000000000000e+00,4.000000000000000192e-04,-2.000000000000000042e-03,-1.000000000000000021e-02,1.799999999999999864e-02,2.000000000000000000e+01,1.107805037618050381e-01,6.000000000000000000e+01,3.482300006757167981e-04,1.778073482032162689e-03
2.000000000000000000e+01,3.000000000000000062e-03,3.000000000000000000e+00,1.000000000000000000e+00,4.000000000000000000e+01,1.000000000000000000e+01,4.000000000000000000e+01,9.900000000000000000e+01,2.000000000000000000e+01,2.000000000000000000e+00,1.000000000000000000e+00,1.000000000000000000e+00,1.000000000000000000e+00,1.000000000000000000e+00,1.000000000000000021e-03,-5.000000000000000104e-04,-8.000000000000000167e-03,8.999999999999999320e-03,0.000000000000000000e+00,8.792733544518593902e-03,4.000000000000000000e+01,3.572412456488170468e-04,2.200959259635509922e-04
2.000000000000000000e+01,3.000000000000000062e-03,5.000000000000000000e+00,2.000000000000000000e+00,5.000000000000000000e+01,2.000000000000000000e+01,1.000000000000000000e+01,9.900000000000000000e+01,2.000000000000000000e+01,2.000000000000000000e+00,1.000000000000000000e+00,0.000000000000000000e+00,1.000000000000000000e+00,1.000000000000000000e+00,0.000000000000000000e+00,-1.000000000000000048e-04,-8.000000000000000167e-03,2.000000000000000042e-03,2.000000000000000000e+01,7.462190453014327929e-03,3.000000000000000000e+01,5.083183648849104886e-04,2.485695531386741038e-04
2.000000000000000000e+01,3.000000000000000062e-03,6.000000000000000000e+00,1.000000000000000000e+00,2.000000000000000000e+01,5.000000000000000000e+00,1.000000000000000000e+01,9.900000000000000000e+01,2.000000000000000000e+01,1.000000000000000000e+00,1.000000000000000000e+00,1.000000000000000000e+00,1.000000000000000000e+00,0.000000000000000000e+00,0.000000000000000000e+00,-4.300000000000000003e-03,-6.000000000000000125e-03,5.000000000000000104e-03,2.000000000000000000e+01,2.204435899143963873e-02,6.000000000000000000e+01,3.784562769481607442e-04,3.656338558177448243e-04
2.000000000000000000e+01,3.000000000000000062e-03,6.000000000000000000e+00,1.000000000000000000e+00,4.000000000000000000e+01,2.000000000000000000e+01,4.000000000000000000e+01,9.900000000000000000e+01,2.000000000000000000e+01,2.000000000000000000e+00,0.000000000000000000e+00,1.000000000000000000e+00,1.000000000000000000e+00,0.000000000000000000e+00,3.799999999999999992e-03,-3.899999999999999821e-03,-6.000000000000000125e-03,1.899999999999999953e-02,2.000000000000000000e+01,0.000000000000000000e+00,4.000000000000000000e+01,3.788083958151624480e-04,0.000000000000000000e+00
2.000000000000000000e+01,3.000000000000000062e-03,8.000000000000000000e+00,1.000000000000000000e+00,4.000000000000000000e+01,5.000000000000000000e+00,1.000000000000000000e+01,9.900000000000000000e+01,2.000000000000000000e+01,0.000000000000000000e+00,1.000000000000000000e+00,1.000000000000000000e+00,1.000000000000000000e+00,0.000000000000000000e+00,3.799999999999999992e-03,-3.899999999999999821e-03,-6.000000000000000125e-03,1.899999999999999953e-02,2.000000000000000000e+01,0.000000000000000000e+00,4.000000000000000000e+01,3.769359769792080461e-04,0.000000000000000000e+00
4.000000000000000000e+01,1.000000000000000021e-03,3.000000000000000000e+00,1.000000000000000000e+00,5.000000000000000000e+01,5.000000000000000000e+00,1.000000000000000000e+00,9.900000000000000000e+01,2.000000000000000000e+01,1.000000000000000000e+00,1.000000000000000000e+00,0.000000000000000000e+00,1.000000000000000000e+00,1.000000000000000000e+00,2.999999999999999737e-04,-3.599999999999999901e-03,-7.000000000000000146e-03,1.099999999999999936e-02,2.000000000000000000e+01,8.356091700521872667e-02,3.000000000000000000e+01,6.546314258107137568e-04,2.695015129608502140e-03
4.000000000000000000e+01,1.000000000000000021e-03,8.000000000000000000e+00,1.000000000000000000e+00,3.000000000000000000e+01,1.000000000000000000e+01,3.000000000000000000e+01,9.900000000000000000e+01,2.000000000000000000e+01,0.000000000000000000e+00,0.000000000000000000e+00,0.000000000000000000e+00,1.000000000000000000e+00,1.000000000000000000e+00,3.799999999999999992e-03,-3.899999999999999821e-03,-6.000000000000000125e-03,1.899999999999999953e-02,2.000000000000000000e+01,0.000000000000000000e+00,5.000000000000000000e+01,5.032855394681034523e-04,0.000000000000000000e+00
4.000000000000000000e+01,2.000000000000000042e-03,2.000000000000000000e+00,0.000000000000000000e+00,2.000000000000000000e+01,2.000000000000000000e+01,3.000000000000000000e+01,9.900000000000000000e+01,2.000000000000000000e+01,2.000000000000000000e+00,0.000000000000000000e+00,1.000000000000000000e+00,1.000000000000000000e+00,1.000000000000000000e+00,1.000000000000000048e-04,-3.299999999999999982e-03,-8.000000000000000167e-03,1.200000000000000025e-02,1.000000000000000000e+01,6.760441175814468906e-02,6.000000000000000000e+01,3.519255210913158787e-04,1.110733945222134754e-03
4.000000000000000000e+01,2.000000000000000042e-03,3.000000000000000000e+00,1.000000000000000000e+00,5.000000000000000000e+01,5.000000000000000000e+00,3.000000000000000000e+00,9.900000000000000000e+01,2.000000000000000000e+01,1.000000000000000000e+00,1.000000000000000000e+00,0.000000000000000000e+00,1.000000000000000000e+00,1.000000000000000000e+00,2.000000000000000096e-04,-1.100000000000000066e-03,-7.000000000000000146e-03,1.299999999999999940e-02,2.000000000000000000e+01,1.005525556235065121e-01,3.000000000000000000e+01,5.200483876021882524e-04,3.221202669641816656e-03
4.000000000000000000e+01,2.000000000000000042e-03,3.000000000000000000e+00,2.000000000000000000e+00,5.000000000000000000e+01,5.000000000000000000e+00,3.000000000000000000e+00,9.900000000000000000e+01,2.000000000000000000e+01,1.000000000000000000e+00,1.000000000000000000e+00,1.000000000000000000e+00,1.000000000000000000e+00,0.000000000000000000e+00,0.000000000000000000e+00,-1.899999999999999996e-03,-5.000000000000000104e-03,1.899999999999999953e-02,2.000000000000000000e+01,9.108452287263957281e-02,3.000000000000000000e+01,3.426335911839094544e-04,2.946505011964210309e-03
4.000000000000000000e+01,2.000000000000000042e-03,4.000000000000000000e+00,0.000000000000000000e+00,5.000000000000000000e+01,5.000000000000000000e+00,3.000000000000000000e+00,9.900000000000000000e+01,2.000000000000000000e+01,0.000000000000000000e+00,0.000000000000000000e+00,1.000000000000000000e+00,1.000000000000000000e+00,1.000000000000000000e+00,0.000000000000000000e+00,-1.799999999999999951e-03,-6.000000000000000125e-03,1.400000000000000029e-02,2.000000000000000000e+01,6.690104796761864314e-02,3.000000000000000000e+01,3.374605693418528357e-04,2.194754523741519487e-03
4.000000000000000000e+01,2.000000000000000042e-03,4.000000000000000000e+00,0.000000000000000000e+00,5.000000000000000000e+01,5.000000000000000000e+00,3.000000000000000000e+00,9.900000000000000000e+01,2.000000000000000000e+01,1.000000000000000000e+00,1.000000000000000000e+00,1.000000000000000000e+00,1.000000000000000000e+00,1.000000000000000000e+00,1.000000000000000048e-04,-3.000000000000000062e-03,-7.000000000000000146e-03,1.400000000000000029e-02,2.000000000000000000e+01,8.779647539711321613e-02,3.000000000000000000e+01,3.524276982739624068e-04,2.840544284964748381e-03
4.000000000000000000e+01,2.000000000000000042e-03,4.000000000000000000e+00,0.000000000000000000e+00,5.000000000000000000e+01,5.000000000000000000e+00,3.000000000000000000e+00,9.900000000000000000e+01,2.000000000000000000e+01,2.000000000000000000e+00,1.000000000000000000e+00,1.000000000000000000e+00,1.000000000000000000e+00,1.000000000000000000e+00,0.000000000000000000e+00,-1.000000000000000048e-04,-6.000000000000000125e-03,1.600000000000000033e-02,1.000000000000000000e+01,7.659963433766381335e-02,3.000000000000000000e+01,3.486524554770493284e-04,2.487504955304461161e-03
4.000000000000000000e+01,2.000000000000000042e-03,5.000000000000000000e+00,0.000000000000000000e+00,5.000000000000000000e+01,5.000000000000000000e+00,3.000000000000000000e+00,9.900000000000000000e+01,2.000000000000000000e+01,1.000000000000000000e+00,1.000000000000000000e+00,1.000000000000000000e+00,1.000000000000000000e+00,1.000000000000000000e+00,1.000000000000000048e-04,-4.199999999999999740e-03,-5.000000000000000104e-03,1.400000000000000029e-02,2.000000000000000000e+01,7.709056559077653858e-02,3.000000000000000000e+01,3.591320060736619352e-04,2.509937847504543386e-03
4.000000000000000000e+01,2.000000000000000042e-03,5.000000000000000000e+00,2.000000000000000000e+00,4.000000000000000000e+01,1.000000000000000000e+01,5.000000000000000000e+00,9.900000000000000000e+01,2.000000000000000000e+01,0.000000000000000000e+00,0.000000000000000000e+00,1.000000000000000000e+00,1.000000000000000000e+00,0.000000000000000000e+00,1.000000000000000048e-04,-2.599999999999999881e-03,-7.000000000000000146e-03,3.000000000000000062e-03,2.000000000000000000e+01,2.909773380182678615e-02,4.000000000000000000e+01,3.726086289544298458e-04,7.193229659526872988e-04
4.000000000000000000e+01,3.000000000000000062e-03,2.000000000000000000e+00,0.000000000000000000e+00,5.000000000000000000e+01,5.000000000000000000e+00,3.000000000000000000e+00,9.900000000000000000e+01,2.000000000000000000e+01,0.000000000000000000e+00,1.000000000000000000e+00,0.000000000000000000e+00,1.000000000000000000e+00,0.000000000000000000e+00,0.000000000000000000e+00,-1.000000000000000048e-04,-1.000000000000000021e-02,1.899999999999999953e-02,2.000000000000000000e+01,8.908041330805605007e-02,3.000000000000000000e+01,5.110690187394567726e-04,2.883514733940920841e-03
4.000000000000000000e+01,3.000000000000000062e-03,3.000000000000000000e+00,0.000000000000000000e+00,5.000000000000000000e+01,5.000000000000000000e+00,3.000000000000000000e+00,9.900000000000000000e+01,2.000000000000000000e+01,1.000000000000000000e+00,1.000000000000000000e+00,0.000000000000000000e+00,1.000000000000000000e+00,0.000000000000000000e+00,2.000000000000000096e-04,-3.000000000000000062e-03,-7.000000000000000146e-03,1.400000000000000029e-02,2.000000000000000000e+01,9.410135573480671312e-02,3.000000000000000000e+01,5.167686444067669032e-04,3.027790197452417953e-03
4.000000000000000000e+01,3.000000000000000062e-03,3.000000000000000000e+00,1.000000000000000000e+00,5.000000000000000000e+01,5.000000000000000000e+00,1.000000000000000000e+00,9.900000000000000000e+01,2.000000000000000000e+01,1.000000000000000000e+00,1.000000000000000000e+00,0.000000000000000000e+00,1.000000000000000000e+00,1.000000000000000000e+00,2.999999999999999737e-04,-1.600000000000000077e-03,-1.000000000000000021e-02,1.400000000000000029e-02,2.000000000000000000e+01,1.008757817075227603e-01,3.000000000000000000e+01,5.543168840142552543e-04,3.231716644064108832e-03
4.000000000000000000e+01,3.000000000000000062e-03,4.000000000000000000e+00,0.000000000000000000e+00,3.000000000000000000e+01,5.000000000000000000e+00,1.000000000000000000e+00,9.900000000000000000e+01,2.000000000000000000e+01,1.000000000000000000e+00,1.000000000000000000e+00,0.000000000000000000e+00,1.000000000000000000e+00,1.000000000000000000e+00,0.000000000000000000e+00,-2.399999999999999790e-03,-7.000000000000000146e-03,1.899999999999999953e-02,1.000000000000000000e+01,1.837148784308495486e-02,5.000000000000000000e+01,6.919998745919550640e-04,3.703504698856874104e-04
4.000000000000000000e+01,3.000000000000000062e-03,8.000000000000000000e+00,1.000000000000000000e+00,5.000000000000000000e+01,2.000000000000000000e+01,2.000000000000000000e+01,9.900000000000000000e+01,2.000000000000000000e+01,0.000000000000000000e+00,0.000000000000000000e+00,1.000000000000000000e+00,1.000000000000000000e+00,1.000000000000000000e+00,3.799999999999999992e-03,-3.899999999999999821e-03,-6.000000000000000125e-03,1.899999999999999953e-02,2.000000000000000000e+01,0.000000000000000000e+00,3.000000000000000000e+01,3.445168145305111339e-04,0.000000000000000000e+00
4.000000000000000000e+01,4.000000000000000083e-03,1.000000000000000000e+00,1.000000000000000000e+00,3.000000000000000000e+01,5.000000000000000000e+00,3.000000000000000000e+00,9.900000000000000000e+01,2.000000000000000000e+01,1.000000000000000000e+00,0.000000000000000000e+00,0.000000000000000000e+00,1.000000000000000000e+00,1.000000000000000000e+00,0.000000000000000000e+00,-5.000000000000000104e-03,-7.000000000000000146e-03,8.999999999999999320e-03,1.000000000000000000e+01,4.301875393984411211e-02,5.000000000000000000e+01,5.739970587729382578e-04,8.515265916232173408e-04
4.000000000000000000e+01,4.000000000000000083e-03,3.000000000000000000e+00,0.000000000000000000e+00,4.000000000000000000e+01,2.000000000000000000e+01,4.000000000000000000e+01,9.900000000000000000e+01,2.000000000000000000e+01,2.000000000000000000e+00,1.000000000000000000e+00,1.000000000000000000e+00,1.000000000000000000e+00,0.000000000000000000e+00,8.000000000000000383e-04,-3.299999999999999982e-03,-6.000000000000000125e-03,1.200000000000000025e-02,2.000000000000000000e+01,3.415249155912913892e-02,4.000000000000000000e+01,3.561582770128672625e-04,8.432113731431101211e-04
6.000000000000000000e+01,1.000000000000000021e-03,1.000000000000000000e+00,1.000000000000000000e+00,3.000000000000000000e+01,5.000000000000000000e+00,1.000000000000000000e+01,9.900000000000000000e+01,2.000000000000000000e+01,1.000000000000000000e+00,0.000000000000000000e+00,1.000000000000000000e+00,1.000000000000000000e+00,1.000000000000000000e+00,0.000000000000000000e+00,-5.000000000000000104e-03,-8.000000000000000167e-03,7.000000000000000146e-03,2.000000000000000000e+01,4.124035958691441017e-02,5.000000000000000000e+01,4.007450929416204771e-04,8.113353918314247792e-04
6.000000000000000000e+01,1.000000000000000021e-03,1.000000000000000000e+00,1.000000000000000000e+00,4.000000000000000000e+01,2.000000000000000000e+01,4.000000000000000000e+01,9.900000000000000000e+01,2.000000000000000000e+01,1.000000000000000000e+00,0.000000000000000000e+00,1.000000000000000000e+00,1.000000000000000000e+00,0.000000000000000000e+00,0.000000000000000000e+00,-2.799999999999999972e-03,-1.000000000000000021e-02,1.899999999999999953e-02,2.000000000000000000e+01,6.731691752944635176e-02,4.000000000000000000e+01,3.216933910839671427e-04,1.662233470481055964e-03
6.000000000000000000e+01,1.000000000000000021e-03,3.000000000000000000e+00,1.000000000000000000e+00,5.000000000000000000e+01,5.000000000000000000e+00,5.000000000000000000e+00,9.900000000000000000e+01,2.000000000000000000e+01,0.000000000000000000e+00,0.000000000000000000e+00,1.000000000000000000e+00,1.000000000000000000e+00,0.000000000000000000e+00,2.999999999999999737e-04,-4.499999999999999660e-03,-5.000000000000000104e-03,1.400000000000000029e-02,2.000000000000000000e+01,7.110956486153363620e-02,3.000000000000000000e+01,3.260016346735668193e-04,2.327278782066777123e-03
6.000000000000000000e+01,1.000000000000000021e-03,5.000000000000000000e+00,1.000000000000000000e+00,5.000000000000000000e+01,5.000000000000000000e+00,1.000000000000000000e+00,9.900000000000000000e+01,2.000000000000000000e+01,0.000000000000000000e+00,0.000000000000000000e+00,1.000000000000000000e+00,1.000000000000000000e+00,0.000000000000000000e+00,0.000000000000000000e+00,-4.100000000000000346e-03,-4.000000000000000083e-03,1.400000000000000029e-02,2.000000000000000000e+01,7.426685489511553051e-02,3.000000000000000000e+01,3.418820304806655759e-04,2.421375818053376691e-03
6.000000000000000000e+01,2.000000000000000042e-03,4.000000000000000000e+00,1.000000000000000000e+00,4.000000000000000000e+01,2.000000000000000000e+01,4.000000000000000000e+01,9.900000000000000000e+01,2.000000000000000000e+01,1.000000000000000000e+00,0.000000000000000000e+00,0.000000000000000000e+00,1.000000000000000000e+00,0.000000000000000000e+00,0.000000000000000000e+00,-3.399999999999999811e-03,-5.000000000000000104e-03,1.799999999999999864e-02,2.000000000000000000e+01,3.964175524709001586e-02,4.000000000000000000e+01,5.638088985384582174e-04,9.901665929163388623e-04
6.000000000000000000e+01,2.000000000000000042e-03,5.000000000000000000e+00,0.000000000000000000e+00,2.000000000000000000e+01,2.000000000000000000e+01,1.000000000000000000e+00,9.900000000000000000e+01,2.000000000000000000e+01,1.000000000000000000e+00,1.000000000000000000e+00,0.000000000000000000e+00,1.000000000000000000e+00,1.000000000000000000e+00,0.000000000000000000e+00,-5.000000000000000104e-03,-7.000000000000000146e-03,1.799999999999999864e-02,2.000000000000000000e+01,5.909015260616978793e-02,6.000000000000000000e+01,5.788550943470779746e-04,9.674181616437701461e-04
6.000000000000000000e+01,2.000000000000000042e-03,5.000000000000000000e+00,1.000000000000000000e+00,5.000000000000000000e+01,5.000000000000000000e+00,3.000000000000000000e+00,9.900000000000000000e+01,2.000000000000000000e+01,1.000000000000000000e+00,0.000000000000000000e+00,0.000000000000000000e+00,1.000000000000000000e+00,1.000000000000000000e+00,0.000000000000000000e+00,-1.000000000000000048e-04,-4.000000000000000083e-03,1.899999999999999953e-02,2.000000000000000000e+01,7.512571880072083097e-02,3.000000000000000000e+01,5.557622157445271790e-04,2.452641040016482511e-03
6.000000000000000000e+01,2.000000000000000042e-03,6.000000000000000000e+00,1.000000000000000000e+00,5.000000000000000000e+01,5.000000000000000000e+00,3.000000000000000000e+00,9.900000000000000000e+01,2.000000000000000000e+01,0.000000000000000000e+00,0.000000000000000000e+00,1.000000000000000000e+00,1.000000000000000000e+00,0.000000000000000000e+00,0.000000000000000000e+00,-1.000000000000000048e-04,-4.000000000000000083e-03,1.899999999999999953e-02,2.000000000000000000e+01,7.512571880072083097e-02,3.000000000000000000e+01,3.475368635250161015e-04,2.452641040016482511e-03
6.000000000000000000e+01,2.000000000000000042e-03,6.000000000000000000e+00,1.000000000000000000e+00,5.000000000000000000e+01,5.000000000000000000e+00,5.000000000000000000e+00,9.900000000000000000e+01,2.000000000000000000e+01,1.000000000000000000e+00,1.000000000000000000e+00,1.000000000000000000e+00,1.000000000000000000e+00,1.000000000000000000e+00,0.000000000000000000e+00,-1.000000000000000048e-04,-4.000000000000000083e-03,1.899999999999999953e-02,2.000000000000000000e+01,7.512571880072083097e-02,3.000000000000000000e+01,3.500787674282097167e-04,2.452641040016482511e-03
6.000000000000000000e+01,3.000000000000000062e-03,5.000000000000000000e+00,1.000000000000000000e+00,4.000000000000000000e+01,1.000000000000000000e+01,2.000000000000000000e+01,9.900000000000000000e+01,2.000000000000000000e+01,0.000000000000000000e+00,1.000000000000000000e+00,1.000000000000000000e+00,1.000000000000000000e+00,1.000000000000000000e+00,3.799999999999999992e-03,-3.899999999999999821e-03,-6.000000000000000125e-03,1.899999999999999953e-02,2.000000000000000000e+01,0.000000000000000000e+00,4.000000000000000000e+01,4.009391754254289621e-04,0.000000000000000000e+00
6.000000000000000000e+01,3.000000000000000062e-03,6.000000000000000000e+00,1.000000000000000000e+00,2.000000000000000000e+01,5.000000000000000000e+00,4.000000000000000000e+01,9.900000000000000000e+01,2.000000000000000000e+01,0.000000000000000000e+00,1.000000000000000000e+00,1.000000000000000000e+00,1.000000000000000000e+00,0.000000000000000000e+00,0.000000000000000000e+00,-3.399999999999999811e-03,-7.000000000000000146e-03,1.799999999999999864e-02,0.000000000000000000e+00,1.165501165501181546e-03,6.000000000000000000e+01,3.510268744355368340e-04,1.942501942501969266e-05
6.000000000000000000e+01,3.000000000000000062e-03,6.000000000000000000e+00,2.000000000000000000e+00,4.000000000000000000e+01,1.000000000000000000e+01,2.000000000000000000e+01,9.900000000000000000e+01,2.000000000000000000e+01,2.000000000000000000e+00,0.000000000000000000e+00,1.000000000000000000e+00,1.000000000000000000e+00,0.000000000000000000e+00,3.799999999999999992e-03,-3.899999999999999821e-03,-6.000000000000000125e-03,1.899999999999999953e-02,2.000000000000000000e+01,0.000000000000000000e+00,4.000000000000000000e+01,4.041477510501074598e-04,0.000000000000000000e+00
6.000000000000000000e+01,3.000000000000000062e-03,7.000000000000000000e+00,1.000000000000000000e+00,5.000000000000000000e+01,5.000000000000000000e+00,1.000000000000000000e+01,9.900000000000000000e+01,2.000000000000000000e+01,1.000000000000000000e+00,1.000000000000000000e+00,1.000000000000000000e+00,1.000000000000000000e+00,1.000000000000000000e+00,0.000000000000000000e+00,-1.000000000000000048e-04,-4.000000000000000083e-03,1.899999999999999953e-02,2.000000000000000000e+01,7.512571880072083097e-02,3.000000000000000000e+01,3.464441118922815242e-04,2.452641040016482511e-03
6.000000000000000000e+01,4.000000000000000083e-03,3.000000000000000000e+00,1.000000000000000000e+00,5.000000000000000000e+01,5.000000000000000000e+00,3.000000000000000000e+00,9.900000000000000000e+01,2.000000000000000000e+01,1.000000000000000000e+00,1.000000000000000000e+00,0.000000000000000000e+00,1.000000000000000000e+00,1.000000000000000000e+00,4.000000000000000192e-04,-6.999999999999999929e-04,-5.000000000000000104e-03,1.299999999999999940e-02,2.000000000000000000e+01,7.155302952632602853e-02,3.000000000000000000e+01,5.694172596425233152e-04,2.334438746281752852e-03
6.000000000000000000e+01,4.000000000000000083e-03,4.000000000000000000e+00,1.000000000000000000e+00,5.000000000000000000e+01,5.000000000000000000e+00,3.000000000000000000e+00,9.900000000000000000e+01,2.000000000000000000e+01,2.000000000000000000e+00,1.000000000000000000e+00,0.000000000000000000e+00,1.000000000000000000e+00,0.000000000000000000e+00,0.000000000000000000e+00,-2.399999999999999790e-03,-7.000000000000000146e-03,1.899999999999999953e-02,1.000000000000000000e+01,6.477254068145188448e-02,3.000000000000000000e+01,5.079230845802720079e-04,2.125124278251018951e-03
6.000000000000000000e+01,4.000000000000000083e-03,5.000000000000000000e+00,1.000000000000000000e+00,5.000000000000000000e+01,5.000000000000000000e+00,3.000000000000000000e+00,9.900000000000000000e+01,2.000000000000000000e+01,2.000000000000000000e+00,1.000000000000000000e+00,0.000000000000000000e+00,1.000000000000000000e+00,1.000000000000000000e+00,0.000000000000000000e+00,-1.399999999999999986e-03,-7.000000000000000146e-03,1.400000000000000029e-02,2.000000000000000000e+01,8.809361035485530067e-02,3.000000000000000000e+01,5.083142115937292448e-04,2.851966711582028594e-03
6.000000000000000000e+01,4.000000000000000083e-03,5.000000000000000000e+00,1.000000000000000000e+00,5.000000000000000000e+01,5.000000000000000000e+00,5.000000000000000000e+00,9.900000000000000000e+01,2.000000000000000000e+01,0.000000000000000000e+00,1.000000000000000000e+00,0.000000000000000000e+00,1.000000000000000000e+00,1.000000000000000000e+00,0.000000000000000000e+00,-3.000000000000000062e-03,-6.000000000000000125e-03,1.799999999999999864e-02,2.000000000000000000e+01,6.281730582976718935e-02,3.000000000000000000e+01,5.048392326143482300e-04,2.068664844189982248e-03
6.000000000000000000e+01,4.000000000000000083e-03,5.000000000000000000e+00,2.000000000000000000e+00,5.000000000000000000e+01,2.000000000000000000e+01,2.000000000000000000e+01,9.900000000000000000e+01,2.000000000000000000e+01,1.000000000000000000e+00,1.000000000000000000e+00,0.000000000000000000e+00,1.000000000000000000e+00,1.000000000000000000e+00,3.799999999999999992e-03,-3.899999999999999821e-03,-6.000000000000000125e-03,1.899999999999999953e-02,2.000000000000000000e+01,0.000000000000000000e+00,3.000000000000000000e+01,5.245770043607207982e-04,0.000000000000000000e+00
6.000000000000000000e+01,4.000000000000000083e-03,6.000000000000000000e+00,1.000000000000000000e+00,5.000000000000000000e+01,5.000000000000000000e+00,3.000000000000000000e+00,9.900000000000000000e+01,2.000000000000000000e+01,2.000000000000000000e+00,1.000000000000000000e+00,1.000000000000000000e+00,1.000000000000000000e+00,1.000000000000000000e+00,2.000000000000000096e-04,-3.000000000000000062e-03,-7.000000000000000146e-03,1.400000000000000029e-02,2.000000000000000000e+01,5.545017543756092238e-02,3.000000000000000000e+01,3.547277508446795564e-04,1.829280388720285313e-03
6.000000000000000000e+01,4.000000000000000083e-03,7.000000000000000000e+00,1.000000000000000000e+00,5.000000000000000000e+01,5.000000000000000000e+00,1.000000000000000000e+00,9.900000000000000000e+01,2.000000000000000000e+01,2.000000000000000000e+00,1.000000000000000000e+00,0.000000000000000000e+00,1.000000000000000000e+00,1.000000000000000000e+00,0.000000000000000000e+00,-3.399999999999999811e-03,-5.000000000000000104e-03,1.799999999999999864e-02,2.000000000000000000e+01,6.679787944404136368e-02,3.000000000000000000e+01,5.461671090365385504e-04,2.192292687214610503e-03
8.000000000000000000e+01,1.000000000000000021e-03,2.000000000000000000e+00,1.000000000000000000e+00,5.000000000000000000e+01,2.000000000000000000e+01,2.000000000000000000e+01,9.900000000000000000e+01,2.000000000000000000e+01,2.000000000000000000e+00,1.000000000000000000e+00,0.000000000000000000e+00,1.000000000000000000e+00,1.000000000000000000e+00,6.999999999999999929e-04,-1.899999999999999996e-03,-8.999999999999999320e-03,1.400000000000000029e-02,2.000000000000000000e+01,6.924869143937928406e-02,3.000000000000000000e+01,4.353441036349522887e-04,2.254760194122218484e-03
8.000000000000000000e+01,1.000000000000000021e-03,4.000000000000000000e+00,0.000000000000000000e+00,5.000000000000000000e+01,2.000000000000000000e+01,1.000000000000000000e+00,9.900000000000000000e+01,2.000000000000000000e+01,2.000000000000000000e+00,1.000000000000000000e+00,1.000000000000000000e+00,1.000000000000000000e+00,0.000000000000000000e+00,2.000000000000000096e-04,-4.100000000000000346e-03,-5.000000000000000104e-03,1.400000000000000029e-02,2.000000000000000000e+01,8.804918792632432378e-02,3.000000000000000000e+01,3.891363620871714940e-04,2.845353027918073787e-03
8.000000000000000000e+01,1.000000000000000021e-03,6.000000000000000000e+00,1.000000000000000000e+00,2.000000000000000000e+01,1.000000000000000000e+01,5.000000000000000000e+00,9.900000000000000000e+01,2.000000000000000000e+01,0.000000000000000000e+00,1.000000000000000000e+00,0.000000000000000000e+00,1.000000000000000000e+00,1.000000000000000000e+00,3.799999999999999992e-03,-3.899999999999999821e-03,-6.000000000000000125e-03,1.899999999999999953e-02,2.000000000000000000e+01,0.000000000000000000e+00,6.000000000000000000e+01,5.806282494235435847e-04,0.000000000000000000e+00
8.000000000000000000e+01,1.000000000000000021e-03,7.000000000000000000e+00,2.000000000000000000e+00,3.000000000000000000e+01,1.000000000000000000e+01,1.000000000000000000e+00,9.900000000000000000e+01,2.000000000000000000e+01,0.000000000000000000e+00,1.000000000000000000e+00,1.000000000000000000e+00,1.000000000000000000e+00,0.000000000000000000e+00,0.000000000000000000e+00,-2.399999999999999790e-03,-7.000000000000000146e-03,1.899999999999999953e-02,1.000000000000000000e+01,5.575841267014225444e-02,5.000000000000000000e+01,3.702692267454650707e-04,1.110828938659440442e-03
8.000000000000000000e+01,1.000000000000000021e-03,8.000000000000000000e+00,1.000000000000000000e+00,4.000000000000000000e+01,1.000000000000000000e+01,5.000000000000000000e+00,9.900000000000000000e+01,2.000000000000000000e+01,0.000000000000000000e+00,1.000000000000000000e+00,0.000000000000000000e+00,1.000000000000000000e+00,1.000000000000000000e+00,3.799999999999999992e-03,-3.899999999999999821e-03,-6.000000000000000125e-03,1.899999999999999953e-02,2.000000000000000000e+01,0.000000000000000000e+00,4.000000000000000000e+01,6.107620774339938326e-04,0.000000000000000000e+00
8.000000000000000000e+01,2.000000000000000042e-03,6.000000000000000000e+00,2.000000000000000000e+00,3.000000000000000000e+01,5.000000000000000000e+00,2.000000000000000000e+01,9.900000000000000000e+01,2.000000000000000000e+01,1.000000000000000000e+00,0.000000000000000000e+00,1.000000000000000000e+00,1.000000000000000000e+00,0.000000000000000000e+00,1.000000000000000048e-04,-1.199999999999999895e-03,-5.000000000000000104e-03,1.600000000000000033e-02,0.000000000000000000e+00,2.772726733754526940e-02,5.000000000000000000e+01,3.660095585057432117e-04,5.491511471770759746e-04
8.000000000000000000e+01,2.000000000000000042e-03,7.000000000000000000e+00,1.000000000000000000e+00,3.000000000000000000e+01,1.000000000000000000e+01,4.000000000000000000e+01,9.900000000000000000e+01,2.000000000000000000e+01,1.000000000000000000e+00,0.000000000000000000e+00,1.000000000000000000e+00,1.000000000000000000e+00,1.000000000000000000e+00,1.000000000000000048e-04,-1.199999999999999895e-03,-5.000000000000000104e-03,1.600000000000000033e-02,0.000000000000000000e+00,1.569153465966710570e-02,5.000000000000000000e+01,3.379407559882944331e-04,3.152996379644345940e-04
8.000000000000000000e+01,3.000000000000000062e-03,5.000000000000000000e+00,0.000000000000000000e+00,5.000000000000000000e+01,1.000000000000000000e+01,5.000000000000000000e+00,9.900000000000000000e+01,2.000000000000000000e+01,2.000000000000000000e+00,1.000000000000000000e+00,0.000000000000000000e+00,1.000000000000000000e+00,1.000000000000000000e+00,0.000000000000000000e+00,-2.399999999999999790e-03,-7.000000000000000146e-03,1.899999999999999953e-02,1.000000000000000000e+01,7.527069846952771925e-02,3.000000000000000000e+01,5.065569684463948211e-04,2.457859087797609199e-03
8.000000000000000000e+01,4.000000000000000083e-03,1.000000000000000000e+00,1.000000000000000000e+00,2.000000000000000000e+01,2.000000000000000000e+01,5.000000000000000000e+00,9.900000000000000000e+01,2.000000000000000000e+01,0.000000000000000000e+00,0.000000000000000000e+00,1.000000000000000000e+00,1.000000000000000000e+00,0.000000000000000000e+00,4.000000000000000192e-04,-3.700000000000000164e-03,-7.000000000000000146e-03,1.799999999999999864e-02,2.000000000000000000e+01,1.025241525139291010e-01,6.000000000000000000e+01,2.796169566782956114e-04,1.647882007482409693e-03
8.000000000000000000e+01,4.000000000000000083e-03,1.000000000000000000e+00,2.000000000000000000e+00,2.000000000000000000e+01,5.000000000000000000e+00,2.000000000000000000e+01,9.900000000000000000e+01,2.000000000000000000e+01,1.000000000000000000e+00,1.000000000000000000e+00,1.000000000000000000e+00,1.000000000000000000e+00,0.000000000000000000e+00,5.999999999999999474e-04,-1.399999999999999986e-03,-1.000000000000000021e-02,8.999999999999999320e-03,0.000000000000000000e+00,4.136645889799361875e-02,6.000000000000000000e+01,3.422821661518534115e-04,6.999059939219694822e-04
8.000000000000000000e+01,4.000000000000000083e-03,1.000000000000000000e+00,2.000000000000000000e+00,4.000000000000000000e+01,5.000000000000000000e+00,1.000000000000000000e+01,9.900000000000000000e+01,2.000000000000000000e+01,0.000000000000000000e+00,1.000000000000000000e+00,1.000000000000000000e+00,1.000000000000000000e+00,1.000000000000000000e+00,4.000000000000000192e-04,-2.899999999999999800e-03,-7.000000000000000146e-03,1.400000000000000029e-02,2.000000000000000000e+01,1.042760003179539208e-01,4.000000000000000000e+01,3.307936858093878107e-04,2.508363772310889719e-03
8.000000000000000000e+01,4.000000000000000083e-03,7.000000000000000000e+00,1.000000000000000000e+00,5.000000000000000000e+01,5.000000000000000000e+00,1.000000000000000000e+01,9.900000000000000000e+01,2.000000000000000000e+01,1.000000000000000000e+00,1.000000000000000000e+00,0.000000000000000000e+00,1.000000000000000000e+00,0.000000000000000000e+00,0.000000000000000000e+00,-3.399999999999999811e-03,-7.000000000000000146e-03,1.799999999999999864e-02,0.000000000000000000e+00,2.283029712713613435e-02,3.000000000000000000e+01,5.130384495453417645e-04,7.570348096888649628e-04
1.000000000000000000e+02,1.000000000000000021e-03,3.000000000000000000e+00,2.000000000000000000e+00,2.000000000000000000e+01,1.000000000000000000e+01,1.000000000000000000e+00,9.900000000000000000e+01,2.000000000000000000e+01,0.000000000000000000e+00,0.000000000000000000e+00,1.000000000000000000e+00,1.000000000000000000e+00,1.000000000000000000e+00,8.999999999999999754e-04,-2.099999999999999870e-03,-8.000000000000000167e-03,1.700000000000000122e-02,1.000000000000000000e+01,2.314681628739223562e-02,6.000000000000000000e+01,3.787638357494541312e-04,3.846969125719727051e-04
1.000000000000000000e+02,1.000000000000000021e-03,6.000000000000000000e+00,1.000000000000000000e+00,3.000000000000000000e+01,2.000000000000000000e+01,5.000000000000000000e+00,9.900000000000000000e+01,2.000000000000000000e+01,2.000000000000000000e+00,0.000000000000000000e+00,0.000000000000000000e+00,1.000000000000000000e+00,0.000000000000000000e+00,0.000000000000000000e+00,-1.000000000000000048e-04,-4.000000000000000083e-03,1.700000000000000122e-02,0.000000000000000000e+00,2.311284286453685333e-02,5.000000000000000000e+01,5.049317637336766910e-04,4.609601528560114360e-04
1.000000000000000000e+02,1.000000000000000021e-03,6.000000000000000000e+00,2.000000000000000000e+00,4.000000000000000000e+01,2.000000000000000000e+01,5.000000000000000000e+00,9.900000000000000000e+01,2.000000000000000000e+01,0.000000000000000000e+00,0.000000000000000000e+00,0.000000000000000000e+00,1.000000000000000000e+00,1.000000000000000000e+00,0.000000000000000000e+00,-3.000000000000000062e-03,-7.000000000000000146e-03,1.400000000000000029e-02,2.000000000000000000e+01,2.057661080035866341e-02,4.000000000000000000e+01,5.669066518269592122e-04,5.249760988824097706e-04
1.000000000000000000e+02,1.000000000000000021e-03,7.000000000000000000e+00,1.000000000000000000e+00,5.000000000000000000e+01,5.000000000000000000e+00,1.000000000000000000e+00,9.900000000000000000e+01,2.000000000000000000e+01,0.000000000000000000e+00,0.000000000000000000e+00,0.000000000000000000e+00,1.000000000000000000e+00,1.000000000000000000e+00,3.799999999999999992e-03,-3.899999999999999821e-03,-6.000000000000000125e-03,1.899999999999999953e-02,2.000000000000000000e+01,0.000000000000000000e+00,3.000000000000000000e+01,5.252919199904879750e-04,0.000000000000000000e+00
1.000000000000000000e+02,2.000000000000000042e-03,1.000000000000000000e+00,2.000000000000000000e+00,3.000000000000000000e+01,5.000000000000000000e+00,2.000000000000000000e+01,9.900000000000000000e+01,2.000000000000000000e+01,0.000000000000000000e+00,1.000000000000000000e+00,1.000000000000000000e+00,1.000000000000000000e+00,1.000000000000000000e+00,2.000000000000000096e-04,-3.200000000000000153e-03,-7.000000000000000146e-03,1.499999999999999944e-02,2.000000000000000000e+01,7.544817915117563167e-02,5.000000000000000000e+01,3.346435267088572214e-04,1.462829497885942453e-03
1.000000000000000000e+02,2.000000000000000042e-03,2.000000000000000000e+00,1.000000000000000000e+00,4.000000000000000000e+01,2.000000000000000000e+01,4.000000000000000000e+01,9.900000000000000000e+01,2.000000000000000000e+01,1.000000000000000000e+00,1.000000000000000000e+00,1.000000000000000000e+00,1.000000000000000000e+00,0.000000000000000000e+00,1.000000000000000021e-03,-6.999999999999999929e-04,-5.000000000000000104e-03,1.400000000000000029e-02,1.000000000000000000e+01,5.450347059534510485e-02,4.000000000000000000e+01,3.355230621818514709e-04,1.340879459898639036e-03
1.000000000000000000e+02,2.000000000000000042e-03,5.000000000000000000e+00,1.000000000000000000e+00,4.000000000000000000e+01,2.000000000000000000e+01,4.000000000000000000e+01,9.900000000000000000e+01,2.000000000000000000e+01,1.000000000000000000e+00,0.000000000000000000e+00,1.000000000000000000e+00,1.000000000000000000e+00,1.000000000000000000e+00,1.000000000000000048e-04,-1.199999999999999895e-03,-5.000000000000000104e-03,1.600000000000000033e-02,0.000000000000000000e+00,8.943113642548183861e-03,4.000000000000000000e+01,3.819044518817133306e-04,2.401701214048562738e-04
1.000000000000000000e+02,2.000000000000000042e-03,6.000000000000000000e+00,1.000000000000000000e+00,3.000000000000000000e+01,5.000000000000000000e+00,1.000000000000000000e+00,9.900000000000000000e+01,2.000000000000000000e+01,1.000000000000000000e+00,1.000000000000000000e+00,1.000000000000000000e+00,1.000000000000000000e+00,0.000000000000000000e+00,2.000000000000000096e-04,-3.000000000000000062e-03,-7.000000000000000146e-03,1.400000000000000029e-02,2.000000000000000000e+01,7.182297621672062427e-02,5.000000000000000000e+01,3.525638885735301502e-04,1.406779257340740009e-03
1.000000000000000000e+02,2.000000000000000042e-03,6.000000000000000000e+00,2.000000000000000000e+00,4.000000000000000000e+01,1.000000000000000000e+01,2.000000000000000000e+01,9.900000000000000000e+01,2.000000000000000000e+01,2.000000000000000000e+00,0.000000000000000000e+00,1.000000000000000000e+00,1.000000000000000000e+00,0.000000000000000000e+00,3.799999999999999992e-03,-3.899999999999999821e-03,-6.000000000000000125e-03,1.899999999999999953e-02,2.000000000000000000e+01,0.000000000000000000e+00,4.000000000000000000e+01,4.021130493768409445e-04,0.000000000000000000e+00
1.000000000000000000e+02,2.000000000000000042e-03,7.000000000000000000e+00,0.000000000000000000e+00,4.000000000000000000e+01,5.000000000000000000e+00,3.000000000000000000e+00,9.900000000000000000e+01,2.000000000000000000e+01,2.000000000000000000e+00,0.000000000000000000e+00,1.000000000000000000e+00,1.000000000000000000e+00,0.000000000000000000e+00,3.799999999999999992e-03,-3.899999999999999821e-03,-6.000000000000000125e-03,1.899999999999999953e-02,2.000000000000000000e+01,0.000000000000000000e+00,4.000000000000000000e+01,3.933751646262766480e-04,0.000000000000000000e+00
1.000000000000000000e+02,3.000000000000000062e-03,1.000000000000000000e+00,2.000000000000000000e+00,2.000000000000000000e+01,1.000000000000000000e+01,4.000000000000000000e+01,9.900000000000000000e+01,2.000000000000000000e+01,2.000000000000000000e+00,1.000000000000000000e+00,0.000000000000000000e+00,1.000000000000000000e+00,1.000000000000000000e+00,1.000000000000000048e-04,-2.399999999999999790e-03,-8.000000000000000167e-03,1.400000000000000029e-02,2.000000000000000000e+01,1.138226652789855464e-01,6.000000000000000000e+01,4.905758275015524540e-04,1.825256784770653120e-03
1.000000000000000000e+02,3.000000000000000062e-03,3.000000000000000000e+00,0.000000000000000000e+00,2.000000000000000000e+01,1.000000000000000000e+01,5.000000000000000000e+00,9.900000000000000000e+01,2.000000000000000000e+01,1.000000000000000000e+00,0.000000000000000000e+00,0.000000000000000000e+00,1.000000000000000000e+00,1.000000000000000000e+00,0.000000000000000000e+00,-5.000000000000000104e-03,-4.000000000000000083e-03,2.000000000000000042e-03,0.000000000000000000e+00,6.460880944409552740e-03,6.000000000000000000e+01,5.728814682637252322e-04,1.106740121880685657e-04
1.000000000000000000e+02,3.000000000000000062e-03,7.000000000000000000e+00,1.000000000000000000e+00,4.000000000000000000e+01,5.000000000000000000e+00,4.000000000000000000e+01,9.900000000000000000e+01,2.000000000000000000e+01,1.000000000000000000e+00,0.000000000000000000e+00,1.000000000000000000e+00,1.000000000000000000e+00,0.000000000000000000e+00,1.000000000000000048e-04,-1.000000000000000048e-04,-5.000000000000000104e-03,2.000000000000000042e-03,2.000000000000000000e+01,4.184788394560712277e-03,4.000000000000000000e+01,4.053351043114746541e-04,1.049411133585753718e-04
1.000000000000000000e+02,4.000000000000000083e-03,2.000000000000000000e+00,0.000000000000000000e+00,2.000000000000000000e+01,1.000000000000000000e+01,4.000000000000000000e+01,9.900000000000000000e+01,2.000000000000000000e+01,2.000000000000000000e+00,0.000000000000000000e+00,0.000000000000000000e+00,1.000000000000000000e+00,0.000000000000000000e+00,0.000000000000000000e+00,-3.399999999999999811e-03,-8.000000000000000167e-03,1.400000000000000029e-02,2.000000000000000000e+01,9.897106286151280408e-02,6.000000000000000000e+01,5.425916492764656365e-04,1.600291274311640023e-03
1.000000000000000000e+02,4.000000000000000083e-03,7.000000000000000000e+00,0.000000000000000000e+00,4.000000000000000000e+01,2.000000000000000000e+01,1.000000000000000000e+00,9.900000000000000000e+01,2.000000000000000000e+01,2.000000000000000000e+00,0.000000000000000000e+00,1.000000000000000000e+00,1.000000000000000000e+00,0.000000000000000000e+00,3.799999999999999992e-03,-3.899999999999999821e-03,-6.000000000000000125e-03,1.899999999999999953e-02,2.000000000000000000e+01,0.000000000000000000e+00,4.000000000000000000e+01,4.336537810268364023e-04,0.000000000000000000e+00
1.000000000000000000e+02,4.000000000000000083e-03,8.000000000000000000e+00,0.000000000000000000e+00,2.000000000000000000e+01,5.000000000000000000e+00,2.000000000000000000e+01,9.900000000000000000e+01,2.000000000000000000e+01,1.000000000000000000e+00,1.000000000000000000e+00,1.000000000000000000e+00,1.000000000000000000e+00,1.000000000000000000e+00,1.000000000000000048e-04,-3.000000000000000062e-03,-7.000000000000000146e-03,1.400000000000000029e-02,2.000000000000000000e+01,3.515005481755473227e-02,6.000000000000000000e+01,3.591814230696295973e-04,5.818130303861783091e-04
1.000000000000000000e+02,4.000000000000000083e-03,8.000000000000000000e+00,0.000000000000000000e+00,5.000000000000000000e+01,5.000000000000000000e+00,2.000000000000000000e+01,9.900000000000000000e+01,2.000000000000000000e+01,2.000000000000000000e+00,1.000000000000000000e+00,1.000000000000000000e+00,1.000000000000000000e+00,1.000000000000000000e+00,0.000000000000000000e+00,-1.000000000000000048e-04,-4.000000000000000083e-03,1.899999999999999953e-02,2.000000000000000000e+01,7.512571880072083097e-02,3.000000000000000000e+01,3.533313603483782209e-04,2.452641040016482511e-03
1.000000000000000000e+02,4.000000000000000083e-03,8.000000000000000000e+00,1.000000000000000000e+00,3.000000000000000000e+01,2.000000000000000000e+01,5.000000000000000000e+00,9.900000000000000000e+01,2.000000000000000000e+01,0.000000000000000000e+00,1.000000000000000000e+00,0.000000000000000000e+00,1.000000000000000000e+00,0.000000000000000000e+00,2.000000000000000096e-04,-3.200000000000000153e-03,-8.000000000000000167e-03,1.899999999999999953e-02,2.000000000000000000e+01,8.298523336613006229e-02,5.000000000000000000e+01,5.308226582067899829e-04,1.627749170251131501e-03
1.000000000000000000e+02,4.000000000000000083e-03,8.000000000000000000e+00,2.000000000000000000e+00,5.000000000000000000e+01,1.000000000000000000e+01,1.000000000000000000e+00,9.900000000000000000e+01,2.000000000000000000e+01,2.000000000000000000e+00,1.000000000000000000e+00,0.000000000000000000e+00,1.000000000000000000e+00,0.000000000000000000e+00,2.999999999999999737e-04,-3.000000000000000062e-03,-7.000000000000000146e-03,1.400000000000000029e-02,2.000000000000000000e+01,7.857142280400952750e-02,3.000000000000000000e+01,5.825499891797855222e-04,2.556148852559211003e-03
1.200000000000000000e+02,1.000000000000000021e-03,3.000000000000000000e+00,0.000000000000000000e+00,5.000000000000000000e+01,2.000000000000000000e+01,2.000000000000000000e+01,9.900000000000000000e+01,2.000000000000000000e+01,2.000000000000000000e+00,1.000000000000000000e+00,0.000000000000000000e+00,1.000000000000000000e+00,0.000000000000000000e+00,8.999999999999999754e-04,-2.099999999999999870e-03,-5.000000000000000104e-03,1.400000000000000029e-02,2.000000000000000000e+01,6.335193510308823051e-02,3.000000000000000000e+01,4.672525727131823033e-04,2.071345108013962835e-03
1.200000000000000000e+02,1.000000000000000021e-03,3.000000000000000000e+00,2.000000000000000000e+00,3.000000000000000000e+01,5.000000000000000000e+00,1.000000000000000000e+00,9.900000000000000000e+01,2.000000000000000000e+01,0.000000000000000000e+00,0.000000000000000000e+00,0.000000000000000000e+00,1.000000000000000000e+00,0.000000000000000000e+00,0.000000000000000000e+00,-1.100000000000000066e-03,-8.000000000000000167e-03,1.700000000000000122e-02,1.000000000000000000e+01,3.830756585949202098e-02,5.000000000000000000e+01,5.126923243999484490e-04,7.718786247077935635e-04
1.200000000000000000e+02,1.000000000000000021e-03,5.000000000000000000e+00,2.000000000000000000e+00,4.000000000000000000e+01,1.000000000000000000e+01,1.000000000000000000e+00,9.900000000000000000e+01,2.000000000000000000e+01,1.000000000000000000e+00,1.000000000000000000e+00,1.000000000000000000e+00,1.000000000000000000e+00,1.000000000000000000e+00,1.000000000000000048e-04,-3.000000000000000062e-03,-7.000000000000000146e-03,1.400000000000000029e-02,2.000000000000000000e+01,8.353437119128304111e-02,4.000000000000000000e+01,4.251368064754153697e-04,2.028634884367780476e-03
1.200000000000000000e+02,1.000000000000000021e-03,7.000000000000000000e+00,1.000000000000000000e+00,5.000000000000000000e+01,5.000000000000000000e+00,1.000000000000000000e+00,9.900000000000000000e+01,2.000000000000000000e+01,2.000000000000000000e+00,1.000000000000000000e+00,0.000000000000000000e+00,1.000000000000000000e+00,1.000000000000000000e+00,2.999999999999999737e-04,-1.500000000000000031e-03,-8.999999999999999320e-03,1.899999999999999953e-02,2.000000000000000000e+01,7.441321626799690669e-02,3.000000000000000000e+01,5.663659989256913940e-04,2.433713556404615199e-03
1.200000000000000000e+02,3.000000000000000062e-03,1.000000000000000000e+00,0.000000000000000000e+00,2.000000000000000000e+01,1.000000000000000000e+01,3.000000000000000000e+01,9.900000000000000000e+01,2.000000000000000000e+01,2.000000000000000000e+00,1.000000000000000000e+00,1.000000000000000000e+00,1.000000000000000000e+00,1.000000000000000000e+00,1.000000000000000048e-04,-2.500000000000000052e-03,-7.000000000000000146e-03,1.400000000000000029e-02,2.000000000000000000e+01,1.348514674881080566e-01,6.000000000000000000e+01,3.273738008901691228e-04,2.136358613846985489e-03
1.200000000000000000e+02,3.000000000000000062e-03,2.000000000000000000e+00,1.000000000000000000e+00,4.000000000000000000e+01,5.000000000000000000e+00,5.000000000000000000e+00,9.900000000000000000e+01,2.000000000000000000e+01,1.000000000000000000e+00,1.000000000000000000e+00,0.000000000000000000e+00,1.000000000000000000e+00,1.000000000000000000e+00,0.000000000000000000e+00,-3.299999999999999982e-03,-7.000000000000000146e-03,1.400000000000000029e-02,2.000000000000000000e+01,4.115623700851989142e-02,4.000000000000000000e+01,5.835713198470078881e-04,1.030644107838826675e-03
1.200000000000000000e+02,3.000000000000000062e-03,8.000000000000000000e+00,0.000000000000000000e+00,3.000000000000000000e+01,1.000000000000000000e+01,1.000000000000000000e+01,9.900000000000000000e+01,2.000000000000000000e+01,1.000000000000000000e+00,1.000000000000000000e+00,0.000000000000000000e+00,1.000000000000000000e+00,0.000000000000000000e+00,3.799999999999999992e-03,-3.899999999999999821e-03,-6.000000000000000125e-03,1.899999999999999953e-02,2.000000000000000000e+01,0.000000000000000000e+00,5.000000000000000000e+01,5.504979320237433915e-04,0.000000000000000000e+00
1.200000000000000000e+02,4.000000000000000083e-03,7.000000000000000000e+00,1.000000000000000000e+00,2.000000000000000000e+01,2.000000000000000000e+01,5.000000000000000000e+00,9.900000000000000000e+01,2.000000000000000000e+01,0.000000000000000000e+00,0.000000000000000000e+00,1.000000000000000000e+00,1.000000000000000000e+00,1.000000000000000000e+00,0.000000000000000000e+00,-3.200000000000000153e-03,-8.000000000000000167e-03,4.000000000000000083e-03,1.000000000000000000e+01,4.180414319683589675e-02,6.000000000000000000e+01,3.461458731565207332e-04,6.951178497511867121e-04
1.400000000000000000e+02,1.000000000000000021e-03,3.000000000000000000e+00,1.000000000000000000e+00,2.000000000000000000e+01,2.000000000000000000e+01,5.000000000000000000e+00,9.900000000000000000e+01,2.000000000000000000e+01,2.000000000000000000e+00,1.000000000000000000e+00,1.000000000000000000e+00,1.000000000000000000e+00,0.000000000000000000e+00,5.999999999999999474e-04,-8.000000000000000383e-04,-8.000000000000000167e-03,1.799999999999999864e-02,1.000000000000000000e+01,1.182976729890306000e-01,6.000000000000000000e+01,3.975109501342249398e-04,1.885421125155906010e-03
1.400000000000000000e+02,1.000000000000000021e-03,5.000000000000000000e+00,0.000000000000000000e+00,2.000000000000000000e+01,5.000000000000000000e+00,1.000000000000000000e+01,9.900000000000000000e+01,2.000000000000000000e+01,0.000000000000000000e+00,1.000000000000000000e+00,0.000000000000000000e+00,1.000000000000000000e+00,1.000000000000000000e+00,0.000000000000000000e+00,-2.299999999999999961e-03,-7.000000000000000146e-03,1.600000000000000033e-02,0.000000000000000000e+00,7.324382747934099491e-02,6.000000000000000000e+01,5.323368074327369977e-04,1.193951508742171173e-03
1.400000000000000000e+02,1.000000000000000021e-03,6.000000000000000000e+00,2.000000000000000000e+00,2.000000000000000000e+01,2.000000000000000000e+01,3.000000000000000000e+01,9.900000000000000000e+01,2.000000000000000000e+01,2.000000000000000000e+00,0.000000000000000000e+00,1.000000000000000000e+00,1.000000000000000000e+00,0.000000000000000000e+00,1.000000000000000048e-04,-1.199999999999999895e-03,-5.000000000000000104e-03,1.600000000000000033e-02,0.000000000000000000e+00,1.579390360356947021e-02,6.000000000000000000e+01,3.488609537456969383e-04,2.756730977728068742e-04
1.400000000000000000e+02,2.000000000000000042e-03,3.000000000000000000e+00,1.000000000000000000e+00,5.000000000000000000e+01,5.000000000000000000e+00,1.000000000000000000e+00,9.900000000000000000e+01,2.000000000000000000e+01,1.000000000000000000e+00,0.000000000000000000e+00,0.000000000000000000e+00,1.000000000000000000e+00,1.000000000000000000e+00,1.000000000000000048e-04,-3.000000000000000062e-03,-7.000000000000000146e-03,1.400000000000000029e-02,2.000000000000000000e+01,7.582091728067075209e-02,3.000000000000000000e+01,5.569087117130304713e-04,2.473377770796495768e-03
1.400000000000000000e+02,2.000000000000000042e-03,8.000000000000000000e+00,0.000000000000000000e+00,3.000000000000000000e+01,5.000000000000000000e+00,1.000000000000000000e+00,9.900000000000000000e+01,2.000000000000000000e+01,2.000000000000000000e+00,0.000000000000000000e+00,0.000000000000000000e+00,1.000000000000000000e+00,0.000000000000000000e+00,2.000000000000000096e-04,-3.200000000000000153e-03,-8.000000000000000167e-03,1.799999999999999864e-02,2.000000000000000000e+01,8.144154265625225264e-02,5.000000000000000000e+01,5.121400511279275338e-04,1.583085222114826232e-03
1.400000000000000000e+02,3.000000000000000062e-03,2.000000000000000000e+00,0.000000000000000000e+00,3.000000000000000000e+01,1.000000000000000000e+01,1.000000000000000000e+00,9.900000000000000000e+01,2.000000000000000000e+01,1.000000000000000000e+00,0.000000000000000000e+00,0.000000000000000000e+00,1.000000000000000000e+00,0.000000000000000000e+00,0.000000000000000000e+00,-1.299999999999999940e-03,-1.000000000000000021e-02,1.899999999999999953e-02,2.000000000000000000e+01,1.070957655255853069e-01,5.000000000000000000e+01,5.682599161474070643e-04,2.068182403714813322e-03
1.400000000000000000e+02,3.000000000000000062e-03,7.000000000000000000e+00,0.000000000000000000e+00,2.000000000000000000e+01,5.000000000000000000e+00,1.000000000000000000e+00,9.900000000000000000e+01,2.000000000000000000e+01,0.000000000000000000e+00,0.000000000000000000e+00,0.000000000000000000e+00,1.000000000000000000e+00,0.000000000000000000e+00,3.799999999999999992e-03,-3.899999999999999821e-03,-6.000000000000000125e-03,1.899999999999999953e-02,2.000000000000000000e+01,0.000000000000000000e+00,6.000000000000000000e+01,6.419496098863151185e-04,0.000000000000000000e+00
1.400000000000000000e+02,4.000000000000000083e-03,5.000000000000000000e+00,1.000000000000000000e+00,4.000000000000000000e+01,2.000000000000000000e+01,4.000000000000000000e+01,9.900000000000000000e+01,2.000000000000000000e+01,2.000000000000000000e+00,0.000000000000000000e+00,0.000000000000000000e+00,1.000000000000000000e+00,0.000000000000000000e+00,1.000000000000000048e-04,-1.199999999999999895e-03,-5.000000000000000104e-03,1.600000000000000033e-02,0.000000000000000000e+00,3.269560523847858668e-02,4.000000000000000000e+01,5.632375679334984762e-04,8.135591760139004435e-04
1.400000000000000000e+02,4.000000000000000083e-03,6.000000000000000000e+00,2.000000000000000000e+00,4.000000000000000000e+01,1.000000000000000000e+01,2.000000000000000000e+01,9.900000000000000000e+01,2.000000000000000000e+01,0.000000000000000000e+00,1.000000000000000000e+00,1.000000000000000000e+00,1.000000000000000000e+00,1.000000000000000000e+00,2.000000000000000096e-04,-8.999999999999999754e-04,-6.000000000000000125e-03,1.099999999999999936e-02,2.000000000000000000e+01,2.401298290112485745e-02,4.000000000000000000e+01,8.271870432224364333e-04,6.050923508778393699e-04
1.400000000000000000e+02,4.000000000000000083e-03,8.000000000000000000e+00,0.000000000000000000e+00,2.000000000000000000e+01,5.000000000000000000e+00,1.000000000000000000e+00,9.900000000000000000e+01,2.000000000000000000e+01,0.000000000000000000e+00,0.000000000000000000e+00,0.000000000000000000e+00,1.000000000000000000e+00,0.000000000000000000e+00,0.000000000000000000e+00,-1.399999999999999986e-03,-7.000000000000000146e-03,1.400000000000000029e-02,2.000000000000000000e+01,4.974806757970817728e-02,6.000000000000000000e+01,5.452703146438804375e-04,8.199662981343872840e-04
