2.000000000000000000e+01,1.000000000000000021e-03,6.000000000000000000e+00,1.000000000000000000e+00,4.000000000000000000e+01,1.000000000000000000e+01,2.000000000000000000e+01,9.900000000000000000e+01,2.000000000000000000e+01,0.000000000000000000e+00,1.000000000000000000e+00,0.000000000000000000e+00,1.000000000000000000e+00,0.000000000000000000e+00,0.000000000000000000e+00,-8.999999999999999754e-04,-5.000000000000000104e-03,1.200000000000000025e-02,5.000000000000000000e+00,1.598199748705966261e-01,6.000000000000000000e+01,1.400980962045722620e-03,2.502857284514131697e-03
2.000000000000000000e+01,2.000000000000000042e-03,5.000000000000000000e+00,2.000000000000000000e+00,2.000000000000000000e+01,1.000000000000000000e+01,1.000000000000000000e+00,9.900000000000000000e+01,2.000000000000000000e+01,2.000000000000000000e+00,0.000000000000000000e+00,1.000000000000000000e+00,1.000000000000000000e+00,1.000000000000000000e+00,0.000000000000000000e+00,-4.000000000000000192e-04,-4.000000000000000083e-03,4.000000000000000083e-03,2.000000000000000000e+01,6.441694205854719968e-02,8.000000000000000000e+01,1.129477418711165608e-03,7.879148189619100250e-04
2.000000000000000000e+01,2.000000000000000042e-03,7.000000000000000000e+00,1.000000000000000000e+00,4.000000000000000000e+01,1.000000000000000000e+01,1.000000000000000000e+00,9.900000000000000000e+01,2.000000000000000000e+01,2.000000000000000000e+00,0.000000000000000000e+00,1.000000000000000000e+00,1.000000000000000000e+00,0.000000000000000000e+00,1.000000000000000048e-04,-4.000000000000000083e-03,-7.000000000000000146e-03,1.799999999999999864e-02,2.000000000000000000e+01,1.262056716947832502e-01,6.000000000000000000e+01,7.505316105259275845e-04,2.013458152373548329e-03
2.000000000000000000e+01,3.000000000000000062e-03,8.000000000000000000e+00,2.000000000000000000e+00,4.000000000000000000e+01,5.000000000000000000e+00,3.000000000000000000e+00,9.900000000000000000e+01,2.000000000000000000e+01,0.000000000000000000e+00,1.000000000000000000e+00,1.000000000000000000e+00,1.000000000000000000e+00,1.000000000000000000e+00,0.000000000000000000e+00,-1.000000000000000048e-04,-5.000000000000000104e-03,1.200000000000000025e-02,5.000000000000000000e+00,1.735420509692260360e-01,6.000000000000000000e+01,8.036918722854997314e-04,2.698506095618602267e-03
2.000000000000000000e+01,4.000000000000000083e-03,3.000000000000000000e+00,1.000000000000000000e+00,4.000000000000000000e+01,1.000000000000000000e+01,5.000000000000000000e+00,9.900000000000000000e+01,2.000000000000000000e+01,0.000000000000000000e+00,1.000000000000000000e+00,1.000000000000000000e+00,1.000000000000000000e+00,1.000000000000000000e+00,0.000000000000000000e+00,-1.799999999999999951e-03,-5.000000000000000104e-03,1.400000000000000029e-02,5.000000000000000000e+00,1.470955301310121754e-01,6.000000000000000000e+01,7.628128055759027248e-04,2.321814334794380756e-03
4.000000000000000000e+01,2.000000000000000042e-03,4.000000000000000000e+00,0.000000000000000000e+00,5.000000000000000000e+01,1.000000000000000000e+01,2.000000000000000000e+01,9.900000000000000000e+01,2.000000000000000000e+01,1.000000000000000000e+00,0.000000000000000000e+00,0.000000000000000000e+00,1.000000000000000000e+00,0.000000000000000000e+00,0.000000000000000000e+00,-2.399999999999999790e-03,-7.000000000000000146e-03,1.899999999999999953e-02,1.000000000000000000e+01,9.304948992879125136e-02,5.000000000000000000e+01,1.206354585201560147e-03,1.815097306378603585e-03
4.000000000000000000e+01,4.000000000000000083e-03,3.000000000000000000e+00,0.000000000000000000e+00,3.000000000000000000e+01,5.000000000000000000e+00,1.000000000000000000e+01,9.900000000000000000e+01,2.000000000000000000e+01,2.000000000000000000e+00,0.000000000000000000e+00,1.000000000000000000e+00,1.000000000000000000e+00,0.000000000000000000e+00,0.000000000000000000e+00,-4.000000000000000192e-04,-4.000000000000000083e-03,4.000000000000000083e-03,2.000000000000000000e+01,7.744330148168598882e-02,7.000000000000000000e+01,7.220661448776394481e-04,1.073860124515430784e-03
6.000000000000000000e+01,2.000000000000000042e-03,1.000000000000000000e+00,0.000000000000000000e+00,2.000000000000000000e+01,1.000000000000000000e+01,1.000000000000000000e+01,9.900000000000000000e+01,2.000000000000000000e+01,0.000000000000000000e+00,1.000000000000000000e+00,1.000000000000000000e+00,1.000000000000000000e+00,0.000000000000000000e+00,1.699999999999999905e-03,-1.100000000000000066e-03,-1.000000000000000021e-02,1.499999999999999944e-02,2.000000000000000000e+01,6.201229737112856633e-02,8.000000000000000000e+01,6.837886048391291459e-04,7.587321754881359848e-04
6.000000000000000000e+01,4.000000000000000083e-03,3.000000000000000000e+00,0.000000000000000000e+00,4.000000000000000000e+01,1.000000000000000000e+01,4.000000000000000000e+01,9.900000000000000000e+01,2.000000000000000000e+01,2.000000000000000000e+00,0.000000000000000000e+00,1.000000000000000000e+00,1.000000000000000000e+00,0.000000000000000000e+00,1.000000000000000048e-04,-2.099999999999999870e-03,-6.000000000000000125e-03,6.000000000000000125e-03,1.000000000000000000e+01,6.366047745357761301e-03,6.000000000000000000e+01,7.237085763408125216e-04,1.061007957559626874e-04
8.000000000000000000e+01,1.000000000000000021e-03,2.000000000000000000e+00,2.000000000000000000e+00,5.000000000000000000e+01,5.000000000000000000e+00,2.000000000000000000e+01,9.900000000000000000e+01,2.000000000000000000e+01,0.000000000000000000e+00,0.000000000000000000e+00,0.000000000000000000e+00,1.000000000000000000e+00,0.000000000000000000e+00,1.000000000000000048e-04,-1.000000000000000021e-03,-7.000000000000000146e-03,4.000000000000000083e-03,2.000000000000000000e+01,8.460057892190908646e-02,5.000000000000000000e+01,1.090692051047476886e-03,1.634422738318461665e-03
8.000000000000000000e+01,1.000000000000000021e-03,7.000000000000000000e+00,2.000000000000000000e+00,2.000000000000000000e+01,5.000000000000000000e+00,2.000000000000000000e+01,9.900000000000000000e+01,2.000000000000000000e+01,2.000000000000000000e+00,1.000000000000000000e+00,1.000000000000000000e+00,1.000000000000000000e+00,1.000000000000000000e+00,0.000000000000000000e+00,-3.700000000000000164e-03,-8.999999999999999320e-03,1.200000000000000025e-02,5.000000000000000000e+00,1.488596721802697420e-01,8.000000000000000000e+01,1.046451906144247419e-03,1.770635501055350860e-03
8.000000000000000000e+01,2.000000000000000042e-03,5.000000000000000000e+00,1.000000000000000000e+00,5.000000000000000000e+01,1.000000000000000000e+01,1.000000000000000000e+01,9.900000000000000000e+01,2.000000000000000000e+01,2.000000000000000000e+00,0.000000000000000000e+00,1.000000000000000000e+00,1.000000000000000000e+00,0.000000000000000000e+00,3.799999999999999992e-03,-3.899999999999999821e-03,-6.000000000000000125e-03,1.899999999999999953e-02,2.000000000000000000e+01,0.000000000000000000e+00,5.000000000000000000e+01,6.579051754850871519e-04,0.000000000000000000e+00
8.000000000000000000e+01,2.000000000000000042e-03,6.000000000000000000e+00,1.000000000000000000e+00,2.000000000000000000e+01,2.000000000000000000e+01,1.000000000000000000e+01,9.900000000000000000e+01,2.000000000000000000e+01,2.000000000000000000e+00,0.000000000000000000e+00,1.000000000000000000e+00,1.000000000000000000e+00,0.000000000000000000e+00,2.000000000000000096e-04,-6.999999999999999929e-04,-8.000000000000000167e-03,5.000000000000000104e-03,1.000000000000000000e+01,1.385308751903024937e-01,8.000000000000000000e+01,1.312581312492555000e-03,1.639063089269654451e-03
8.000000000000000000e+01,4.000000000000000083e-03,1.000000000000000000e+00,2.000000000000000000e+00,2.000000000000000000e+01,5.000000000000000000e+00,5.000000000000000000e+00,9.900000000000000000e+01,2.000000000000000000e+01,2.000000000000000000e+00,1.000000000000000000e+00,1.000000000000000000e+00,1.000000000000000000e+00,1.000000000000000000e+00,1.000000000000000048e-04,-3.700000000000000164e-03,-4.000000000000000083e-03,1.400000000000000029e-02,2.000000000000000000e+01,4.237407065921705573e-02,8.000000000000000000e+01,1.155931564958544589e-03,5.303786965865878601e-04
1.000000000000000000e+02,1.000000000000000021e-03,2.000000000000000000e+00,0.000000000000000000e+00,4.000000000000000000e+01,1.000000000000000000e+01,5.000000000000000000e+00,9.900000000000000000e+01,2.000000000000000000e+01,1.000000000000000000e+00,0.000000000000000000e+00,1.000000000000000000e+00,1.000000000000000000e+00,1.000000000000000000e+00,5.000000000000000104e-04,-2.700000000000000143e-03,-5.000000000000000104e-03,1.400000000000000029e-02,1.000000000000000000e+01,1.510625905909110944e-01,6.000000000000000000e+01,6.490992937744404162e-04,2.375361424397191314e-03
1.000000000000000000e+02,2.000000000000000042e-03,7.000000000000000000e+00,0.000000000000000000e+00,4.000000000000000000e+01,5.000000000000000000e+00,1.000000000000000000e+00,9.900000000000000000e+01,2.000000000000000000e+01,1.000000000000000000e+00,1.000000000000000000e+00,1.000000000000000000e+00,1.000000000000000000e+00,0.000000000000000000e+00,5.000000000000000104e-04,-3.200000000000000153e-03,-4.000000000000000083e-03,1.000000000000000021e-02,0.000000000000000000e+00,9.899303125111447166e-02,6.000000000000000000e+01,7.950106140439602842e-04,1.595538861213583815e-03
1.000000000000000000e+02,3.000000000000000062e-03,5.000000000000000000e+00,1.000000000000000000e+00,3.000000000000000000e+01,1.000000000000000000e+01,4.000000000000000000e+01,9.900000000000000000e+01,2.000000000000000000e+01,1.000000000000000000e+00,1.000000000000000000e+00,1.000000000000000000e+00,1.000000000000000000e+00,0.000000000000000000e+00,0.000000000000000000e+00,-2.399999999999999790e-03,-7.000000000000000146e-03,1.899999999999999953e-02,1.000000000000000000e+01,1.361195760750677497e-01,7.000000000000000000e+01,6.955130528123075126e-04,1.855323294511901280e-03
1.000000000000000000e+02,3.000000000000000062e-03,5.000000000000000000e+00,2.000000000000000000e+00,3.000000000000000000e+01,5.000000000000000000e+00,2.000000000000000000e+01,9.900000000000000000e+01,2.000000000000000000e+01,0.000000000000000000e+00,1.000000000000000000e+00,1.000000000000000000e+00,1.000000000000000000e+00,1.000000000000000000e+00,3.799999999999999992e-03,-3.899999999999999821e-03,-6.000000000000000125e-03,1.899999999999999953e-02,2.000000000000000000e+01,0.000000000000000000e+00,7.000000000000000000e+01,8.189007324742824095e-04,0.000000000000000000e+00
1.000000000000000000e+02,3.000000000000000062e-03,8.000000000000000000e+00,1.000000000000000000e+00,2.000000000000000000e+01,2.000000000000000000e+01,1.000000000000000000e+00,9.900000000000000000e+01,2.000000000000000000e+01,1.000000000000000000e+00,0.000000000000000000e+00,0.000000000000000000e+00,1.000000000000000000e+00,1.000000000000000000e+00,0.000000000000000000e+00,-5.000000000000000104e-04,-8.000000000000000167e-03,8.999999999999999320e-03,1.000000000000000000e+01,1.523058506490733155e-01,8.000000000000000000e+01,2.492456776295063486e-03,1.799817131170151994e-03
1.000000000000000000e+02,4.000000000000000083e-03,7.000000000000000000e+00,0.000000000000000000e+00,5.000000000000000000e+01,1.000000000000000000e+01,1.000000000000000000e+01,9.900000000000000000e+01,2.000000000000000000e+01,1.000000000000000000e+00,0.000000000000000000e+00,0.000000000000000000e+00,1.000000000000000000e+00,1.000000000000000000e+00,1.000000000000000048e-04,-2.399999999999999790e-03,-4.000000000000000083e-03,1.400000000000000029e-02,0.000000000000000000e+00,1.069872439781101026e-01,5.000000000000000000e+01,1.237284673306357887e-03,2.061317971123148921e-03
1.000000000000000000e+02,4.000000000000000083e-03,8.000000000000000000e+00,1.000000000000000000e+00,4.000000000000000000e+01,2.000000000000000000e+01,2.000000000000000000e+01,9.900000000000000000e+01,2.000000000000000000e+01,1.000000000000000000e+00,1.000000000000000000e+00,1.000000000000000000e+00,1.000000000000000000e+00,0.000000000000000000e+00,0.000000000000000000e+00,-2.399999999999999790e-03,-7.000000000000000146e-03,1.899999999999999953e-02,1.000000000000000000e+01,1.120490244239635835e-01,6.000000000000000000e+01,7.299429821735044449e-04,1.806622815597600873e-03
1.200000000000000000e+02,2.000000000000000042e-03,1.000000000000000000e+00,1.000000000000000000e+00,5.000000000000000000e+01,1.000000000000000000e+01,2.000000000000000000e+01,9.900000000000000000e+01,2.000000000000000000e+01,0.000000000000000000e+00,1.000000000000000000e+00,0.000000000000000000e+00,1.000000000000000000e+00,1.000000000000000000e+00,2.000000000000000096e-04,-3.000000000000000062e-03,-7.000000000000000146e-03,1.400000000000000029e-02,2.000000000000000000e+01,6.427380055642806234e-02,5.000000000000000000e+01,1.082187936790623885e-03,1.270856446794372879e-03
1.200000000000000000e+02,2.000000000000000042e-03,7.000000000000000000e+00,1.000000000000000000e+00,2.000000000000000000e+01,5.000000000000000000e+00,1.000000000000000000e+00,9.900000000000000000e+01,2.000000000000000000e+01,2.000000000000000000e+00,1.000000000000000000e+00,1.000000000000000000e+00,1.000000000000000000e+00,1.000000000000000000e+00,2.000000000000000042e-03,-4.499999999999999660e-03,-8.000000000000000167e-03,1.299999999999999940e-02,1.000000000000000000e+01,1.184510983244995153e-01,8.000000000000000000e+01,2.667205424763932978e-03,1.419749029777249340e-03
1.200000000000000000e+02,3.000000000000000062e-03,7.000000000000000000e+00,2.000000000000000000e+00,4.000000000000000000e+01,1.000000000000000000e+01,1.000000000000000000e+01,9.900000000000000000e+01,2.000000000000000000e+01,2.000000000000000000e+00,0.000000000000000000e+00,0.000000000000000000e+00,1.000000000000000000e+00,1.000000000000000000e+00,5.000000000000000104e-04,-4.599999999999999922e-03,-7.000000000000000146e-03,1.799999999999999864e-02,2.000000000000000000e+01,1.123478462367570874e-01,6.000000000000000000e+01,1.498988815660625773e-03,1.795223051740109897e-03
1.200000000000000000e+02,4.000000000000000083e-03,5.000000000000000000e+00,1.000000000000000000e+00,5.000000000000000000e+01,1.000000000000000000e+01,3.000000000000000000e+01,9.900000000000000000e+01,2.000000000000000000e+01,2.000000000000000000e+00,0.000000000000000000e+00,1.000000000000000000e+00,1.000000000000000000e+00,1.000000000000000000e+00,3.799999999999999992e-03,-3.899999999999999821e-03,-6.000000000000000125e-03,1.899999999999999953e-02,2.000000000000000000e+01,0.000000000000000000e+00,5.000000000000000000e+01,6.359587272119052214e-04,0.000000000000000000e+00
1.200000000000000000e+02,4.000000000000000083e-03,6.000000000000000000e+00,1.000000000000000000e+00,4.000000000000000000e+01,5.000000000000000000e+00,3.000000000000000000e+00,9.900000000000000000e+01,2.000000000000000000e+01,1.000000000000000000e+00,0.000000000000000000e+00,1.000000000000000000e+00,1.000000000000000000e+00,0.000000000000000000e+00,1.000000000000000048e-04,-1.199999999999999895e-03,-5.000000000000000104e-03,1.600000000000000033e-02,0.000000000000000000e+00,9.965447879970001921e-02,6.000000000000000000e+01,7.306358301542306092e-04,1.604165725127045493e-03
1.200000000000000000e+02,4.000000000000000083e-03,8.000000000000000000e+00,1.000000000000000000e+00,5.000000000000000000e+01,1.000000000000000000e+01,4.000000000000000000e+01,9.900000000000000000e+01,2.000000000000000000e+01,2.000000000000000000e+00,0.000000000000000000e+00,1.000000000000000000e+00,1.000000000000000000e+00,1.000000000000000000e+00,3.799999999999999992e-03,-3.899999999999999821e-03,-6.000000000000000125e-03,1.899999999999999953e-02,2.000000000000000000e+01,0.000000000000000000e+00,5.000000000000000000e+01,5.971336453573485243e-04,0.000000000000000000e+00
1.400000000000000000e+02,3.000000000000000062e-03,1.000000000000000000e+00,1.000000000000000000e+00,2.000000000000000000e+01,5.000000000000000000e+00,1.000000000000000000e+00,9.900000000000000000e+01,2.000000000000000000e+01,1.000000000000000000e+00,1.000000000000000000e+00,0.000000000000000000e+00,1.000000000000000000e+00,0.000000000000000000e+00,0.000000000000000000e+00,-3.200000000000000153e-03,-7.000000000000000146e-03,1.400000000000000029e-02,2.000000000000000000e+01,5.245812816125039468e-02,8.000000000000000000e+01,1.794649849006997675e-03,6.650329826549450157e-04
1.400000000000000000e+02,3.000000000000000062e-03,2.000000000000000000e+00,0.000000000000000000e+00,5.000000000000000000e+01,1.000000000000000000e+01,2.000000000000000000e+01,9.900000000000000000e+01,2.000000000000000000e+01,1.000000000000000000e+00,0.000000000000000000e+00,0.000000000000000000e+00,1.000000000000000000e+00,0.000000000000000000e+00,0.000000000000000000e+00,-2.399999999999999790e-03,-4.000000000000000083e-03,3.000000000000000062e-03,5.000000000000000000e+00,3.197425195689773680e-02,5.000000000000000000e+01,1.183342431559852945e-03,6.362744599620428869e-04
1.400000000000000000e+02,4.000000000000000083e-03,1.000000000000000000e+00,2.000000000000000000e+00,4.000000000000000000e+01,5.000000000000000000e+00,4.000000000000000000e+01,9.900000000000000000e+01,2.000000000000000000e+01,1.000000000000000000e+00,0.000000000000000000e+00,1.000000000000000000e+00,1.000000000000000000e+00,1.000000000000000000e+00,0.000000000000000000e+00,-1.699999999999999905e-03,-5.000000000000000104e-03,1.600000000000000033e-02,0.000000000000000000e+00,6.144278002134107020e-02,6.000000000000000000e+01,6.304023161687134563e-04,1.016159663708697146e-03
1.400000000000000000e+02,4.000000000000000083e-03,3.000000000000000000e+00,2.000000000000000000e+00,4.000000000000000000e+01,1.000000000000000000e+01,1.000000000000000000e+00,9.900000000000000000e+01,2.000000000000000000e+01,1.000000000000000000e+00,0.000000000000000000e+00,0.000000000000000000e+00,1.000000000000000000e+00,1.000000000000000000e+00,0.000000000000000000e+00,-4.000000000000000083e-03,-6.000000000000000125e-03,1.299999999999999940e-02,2.000000000000000000e+01,9.213524230459713138e-02,6.000000000000000000e+01,1.341135978044402004e-03,1.492737008049434657e-03
