2.000000000000000000e+01,1.000000000000000021e-03,2.000000000000000000e+00,1.000000000000000000e+00,3.000000000000000000e+01,2.000000000000000000e+00,1.000000000000000000e+00,9.900000000000000000e+01,2.000000000000000000e+01,1.000000000000000000e+00,0.000000000000000000e+00,0.000000000000000000e+00,1.000000000000000000e+00,-2.483056809132377918e-02,3.000000000000000000e+01,-8.143919570399653189e-04,2.887578266364838626e-03
2.000000000000000000e+01,1.000000000000000021e-03,2.000000000000000000e+00,1.000000000000000000e+00,3.000000000000000000e+01,1.000000000000000000e+01,1.000000000000000000e+01,9.900000000000000000e+01,2.000000000000000000e+01,1.000000000000000000e+00,1.000000000000000000e+00,0.000000000000000000e+00,1.000000000000000000e+00,0.000000000000000000e+00,3.000000000000000000e+01,0.000000000000000000e+00,1.398820106612889145e-03
2.000000000000000000e+01,1.000000000000000021e-03,3.000000000000000000e+00,1.000000000000000000e+00,3.000000000000000000e+01,2.000000000000000000e+00,1.000000000000000000e+01,9.900000000000000000e+01,2.000000000000000000e+01,0.000000000000000000e+00,0.000000000000000000e+00,1.000000000000000000e+00,1.000000000000000000e+00,5.479879442797708222e-03,3.000000000000000000e+01,1.846002843852353190e-04,7.499109833212705542e-04
2.000000000000000000e+01,1.000000000000000021e-03,5.000000000000000000e+00,2.000000000000000000e+00,3.000000000000000000e+01,2.000000000000000000e+00,5.000000000000000000e+00,9.900000000000000000e+01,2.000000000000000000e+01,2.000000000000000000e+00,1.000000000000000000e+00,0.000000000000000000e+00,1.000000000000000000e+00,0.000000000000000000e+00,3.000000000000000000e+01,0.000000000000000000e+00,1.438662076746323763e-03
2.000000000000000000e+01,2.000000000000000042e-03,5.000000000000000000e+00,0.000000000000000000e+00,2.000000000000000000e+01,2.000000000000000000e+00,1.000000000000000000e+01,9.900000000000000000e+01,2.000000000000000000e+01,1.000000000000000000e+00,0.000000000000000000e+00,1.000000000000000000e+00,1.000000000000000000e+00,0.000000000000000000e+00,4.000000000000000000e+01,0.000000000000000000e+00,7.243228418646434352e-04
2.000000000000000000e+01,3.000000000000000062e-03,2.000000000000000000e+00,0.000000000000000000e+00,2.000000000000000000e+01,1.000000000000000000e+01,1.000000000000000000e+00,9.900000000000000000e+01,2.000000000000000000e+01,0.000000000000000000e+00,1.000000000000000000e+00,0.000000000000000000e+00,0.000000000000000000e+00,0.000000000000000000e+00,4.000000000000000000e+01,0.000000000000000000e+00,7.680704142438194056e-03
2.000000000000000000e+01,3.000000000000000062e-03,3.000000000000000000e+00,1.000000000000000000e+00,3.000000000000000000e+01,5.000000000000000000e+00,1.000000000000000000e+01,9.900000000000000000e+01,2.000000000000000000e+01,0.000000000000000000e+00,0.000000000000000000e+00,0.000000000000000000e+00,1.000000000000000000e+00,0.000000000000000000e+00,3.000000000000000000e+01,0.000000000000000000e+00,1.434008113252692234e-03
2.000000000000000000e+01,3.000000000000000062e-03,3.000000000000000000e+00,2.000000000000000000e+00,3.000000000000000000e+01,2.000000000000000000e+00,5.000000000000000000e+00,9.900000000000000000e+01,2.000000000000000000e+01,1.000000000000000000e+00,1.000000000000000000e+00,0.000000000000000000e+00,1.000000000000000000e+00,4.830101438457301555e-03,3.000000000000000000e+01,1.610033812819100464e-04,1.443459519386135897e-03
2.000000000000000000e+01,3.000000000000000062e-03,3.000000000000000000e+00,2.000000000000000000e+00,4.000000000000000000e+01,5.000000000000000000e+00,4.000000000000000000e+01,9.900000000000000000e+01,2.000000000000000000e+01,2.000000000000000000e+00,1.000000000000000000e+00,1.000000000000000000e+00,1.000000000000000000e+00,0.000000000000000000e+00,2.000000000000000000e+01,0.000000000000000000e+00,9.505803031082907684e-04
2.000000000000000000e+01,3.000000000000000062e-03,4.000000000000000000e+00,0.000000000000000000e+00,2.000000000000000000e+01,1.000000000000000000e+01,1.000000000000000000e+00,9.900000000000000000e+01,2.000000000000000000e+01,0.000000000000000000e+00,1.000000000000000000e+00,1.000000000000000000e+00,1.000000000000000000e+00,0.000000000000000000e+00,4.000000000000000000e+01,0.000000000000000000e+00,7.505339866443357360e-04
2.000000000000000000e+01,3.000000000000000062e-03,4.000000000000000000e+00,1.000000000000000000e+00,3.000000000000000000e+01,5.000000000000000000e+00,1.000000000000000000e+01,9.900000000000000000e+01,2.000000000000000000e+01,0.000000000000000000e+00,0.000000000000000000e+00,1.000000000000000000e+00,1.000000000000000000e+00,0.000000000000000000e+00,3.000000000000000000e+01,0.000000000000000000e+00,8.013230737373562259e-04
2.000000000000000000e+01,3.000000000000000062e-03,4.000000000000000000e+00,2.000000000000000000e+00,4.000000000000000000e+01,2.000000000000000000e+01,1.000000000000000000e+01,9.900000000000000000e+01,2.000000000000000000e+01,0.000000000000000000e+00,1.000000000000000000e+00,0.000000000000000000e+00,1.000000000000000000e+00,0.000000000000000000e+00,2.000000000000000000e+01,0.000000000000000000e+00,1.661180979555573105e-03
2.000000000000000000e+01,3.000000000000000062e-03,5.000000000000000000e+00,2.000000000000000000e+00,3.000000000000000000e+01,2.000000000000000000e+00,1.000000000000000000e+01,9.900000000000000000e+01,2.000000000000000000e+01,2.000000000000000000e+00,0.000000000000000000e+00,1.000000000000000000e+00,1.000000000000000000e+00,0.000000000000000000e+00,3.000000000000000000e+01,0.000000000000000000e+00,8.182152146221349093e-04
2.000000000000000000e+01,3.000000000000000062e-03,5.000000000000000000e+00,2.000000000000000000e+00,3.000000000000000000e+01,2.000000000000000000e+01,3.000000000000000000e+00,9.900000000000000000e+01,2.000000000000000000e+01,2.000000000000000000e+00,0.000000000000000000e+00,1.000000000000000000e+00,1.000000000000000000e+00,0.000000000000000000e+00,2.000000000000000000e+01,0.000000000000000000e+00,9.729425546331008090e-04
2.000000000000000000e+01,3.000000000000000062e-03,6.000000000000000000e+00,0.000000000000000000e+00,2.000000000000000000e+01,2.000000000000000000e+01,4.000000000000000000e+01,9.900000000000000000e+01,2.000000000000000000e+01,0.000000000000000000e+00,0.000000000000000000e+00,0.000000000000000000e+00,1.000000000000000000e+00,0.000000000000000000e+00,4.000000000000000000e+01,0.000000000000000000e+00,1.491761651329527724e-03
2.000000000000000000e+01,4.000000000000000083e-03,1.000000000000000000e+00,2.000000000000000000e+00,3.000000000000000000e+01,5.000000000000000000e+00,1.000000000000000000e+01,9.900000000000000000e+01,2.000000000000000000e+01,0.000000000000000000e+00,0.000000000000000000e+00,1.000000000000000000e+00,1.000000000000000000e+00,1.008035001844387324e-02,3.000000000000000000e+01,3.362325275015158317e-04,7.180645361546222471e-04
2.000000000000000000e+01,4.000000000000000083e-03,3.000000000000000000e+00,2.000000000000000000e+00,4.000000000000000000e+01,5.000000000000000000e+00,3.000000000000000000e+00,9.900000000000000000e+01,2.000000000000000000e+01,1.000000000000000000e+00,0.000000000000000000e+00,1.000000000000000000e+00,1.000000000000000000e+00,0.000000000000000000e+00,2.000000000000000000e+01,0.000000000000000000e+00,9.407169599522776857e-04
2.000000000000000000e+01,4.000000000000000083e-03,5.000000000000000000e+00,0.000000000000000000e+00,3.000000000000000000e+01,2.000000000000000000e+01,3.000000000000000000e+00,9.900000000000000000e+01,2.000000000000000000e+01,2.000000000000000000e+00,0.000000000000000000e+00,1.000000000000000000e+00,1.000000000000000000e+00,0.000000000000000000e+00,2.000000000000000000e+01,0.000000000000000000e+00,1.048340910771321027e-03
4.000000000000000000e+01,1.000000000000000021e-03,4.000000000000000000e+00,1.000000000000000000e+00,2.000000000000000000e+01,1.000000000000000000e+01,1.000000000000000000e+00,9.900000000000000000e+01,2.000000000000000000e+01,2.000000000000000000e+00,1.000000000000000000e+00,1.000000000000000000e+00,1.000000000000000000e+00,-2.850899163567366390e-02,4.000000000000000000e+01,-6.852122157929574353e-04,2.242914446345953185e-03
4.000000000000000000e+01,1.000000000000000021e-03,5.000000000000000000e+00,1.000000000000000000e+00,2.000000000000000000e+01,2.000000000000000000e+00,1.000000000000000000e+00,9.900000000000000000e+01,2.000000000000000000e+01,1.000000000000000000e+00,1.000000000000000000e+00,0.000000000000000000e+00,1.000000000000000000e+00,-3.170444885342471597e-02,4.000000000000000000e+01,-7.690894592558755521e-04,2.002952460708584681e-03
4.000000000000000000e+01,1.000000000000000021e-03,6.000000000000000000e+00,2.000000000000000000e+00,2.000000000000000000e+01,2.000000000000000000e+00,1.000000000000000000e+01,9.900000000000000000e+01,2.000000000000000000e+01,0.000000000000000000e+00,0.000000000000000000e+00,1.000000000000000000e+00,1.000000000000000000e+00,-6.261162561021160755e-03,4.000000000000000000e+01,-1.199841569060361462e-04,1.303997409484083025e-03
4.000000000000000000e+01,2.000000000000000042e-03,7.000000000000000000e+00,1.000000000000000000e+00,2.000000000000000000e+01,2.000000000000000000e+00,3.000000000000000000e+00,9.900000000000000000e+01,2.000000000000000000e+01,1.000000000000000000e+00,0.000000000000000000e+00,0.000000000000000000e+00,1.000000000000000000e+00,0.000000000000000000e+00,4.000000000000000000e+01,0.000000000000000000e+00,1.496608371212515987e-03
4.000000000000000000e+01,2.000000000000000042e-03,7.000000000000000000e+00,2.000000000000000000e+00,2.000000000000000000e+01,2.000000000000000000e+00,5.000000000000000000e+00,9.900000000000000000e+01,2.000000000000000000e+01,2.000000000000000000e+00,0.000000000000000000e+00,1.000000000000000000e+00,1.000000000000000000e+00,4.281845488104396580e-03,4.000000000000000000e+01,1.091365339094374471e-04,7.665372518680415833e-04
4.000000000000000000e+01,3.000000000000000062e-03,1.000000000000000000e+00,0.000000000000000000e+00,4.000000000000000000e+01,2.000000000000000000e+00,3.000000000000000000e+00,9.900000000000000000e+01,2.000000000000000000e+01,0.000000000000000000e+00,1.000000000000000000e+00,1.000000000000000000e+00,1.000000000000000000e+00,1.309794188375601465e-02,2.000000000000000000e+01,6.624566246643092803e-04,8.657570924001072987e-04
4.000000000000000000e+01,3.000000000000000062e-03,3.000000000000000000e+00,0.000000000000000000e+00,2.000000000000000000e+01,1.000000000000000000e+01,1.000000000000000000e+00,9.900000000000000000e+01,2.000000000000000000e+01,0.000000000000000000e+00,1.000000000000000000e+00,0.000000000000000000e+00,1.000000000000000000e+00,-5.556014450250557069e-03,4.000000000000000000e+01,-1.389003612562639321e-04,2.524388796269109482e-03
4.000000000000000000e+01,3.000000000000000062e-03,6.000000000000000000e+00,0.000000000000000000e+00,4.000000000000000000e+01,2.000000000000000000e+01,3.000000000000000000e+01,9.900000000000000000e+01,2.000000000000000000e+01,1.000000000000000000e+00,0.000000000000000000e+00,1.000000000000000000e+00,1.000000000000000000e+00,0.000000000000000000e+00,2.000000000000000000e+01,0.000000000000000000e+00,9.581730656615338165e-04
4.000000000000000000e+01,4.000000000000000083e-03,2.000000000000000000e+00,0.000000000000000000e+00,3.000000000000000000e+01,2.000000000000000000e+00,3.000000000000000000e+00,9.900000000000000000e+01,2.000000000000000000e+01,2.000000000000000000e+00,0.000000000000000000e+00,1.000000000000000000e+00,1.000000000000000000e+00,-1.429510253318144741e-02,3.000000000000000000e+01,-4.631710662454750489e-04,8.271580517528294907e-04
4.000000000000000000e+01,4.000000000000000083e-03,4.000000000000000000e+00,0.000000000000000000e+00,2.000000000000000000e+01,2.000000000000000000e+01,1.000000000000000000e+01,9.900000000000000000e+01,2.000000000000000000e+01,1.000000000000000000e+00,0.000000000000000000e+00,1.000000000000000000e+00,1.000000000000000000e+00,-9.088645595651034803e-03,4.000000000000000000e+01,-1.914592601580361706e-04,1.413822589968999561e-03
4.000000000000000000e+01,4.000000000000000083e-03,5.000000000000000000e+00,0.000000000000000000e+00,2.000000000000000000e+01,2.000000000000000000e+00,5.000000000000000000e+00,9.900000000000000000e+01,2.000000000000000000e+01,2.000000000000000000e+00,1.000000000000000000e+00,0.000000000000000000e+00,1.000000000000000000e+00,0.000000000000000000e+00,4.000000000000000000e+01,0.000000000000000000e+00,1.598220325990059188e-03
6.000000000000000000e+01,1.000000000000000021e-03,1.000000000000000000e+00,0.000000000000000000e+00,3.000000000000000000e+01,5.000000000000000000e+00,1.000000000000000000e+00,9.900000000000000000e+01,2.000000000000000000e+01,2.000000000000000000e+00,0.000000000000000000e+00,0.000000000000000000e+00,1.000000000000000000e+00,4.888369265598324631e-03,3.000000000000000000e+01,1.629456421866108337e-04,1.772761015200824625e-03
6.000000000000000000e+01,1.000000000000000021e-03,1.000000000000000000e+00,1.000000000000000000e+00,4.000000000000000000e+01,2.000000000000000000e+00,4.000000000000000000e+01,9.900000000000000000e+01,2.000000000000000000e+01,2.000000000000000000e+00,0.000000000000000000e+00,0.000000000000000000e+00,1.000000000000000000e+00,-3.246874060868210066e-03,2.000000000000000000e+01,-1.617297024516739458e-04,1.499211207878983418e-03
6.000000000000000000e+01,1.000000000000000021e-03,2.000000000000000000e+00,0.000000000000000000e+00,2.000000000000000000e+01,1.000000000000000000e+01,1.000000000000000000e+00,9.900000000000000000e+01,2.000000000000000000e+01,1.000000000000000000e+00,0.000000000000000000e+00,1.000000000000000000e+00,1.000000000000000000e+00,0.000000000000000000e+00,4.000000000000000000e+01,0.000000000000000000e+00,2.633662331500787480e-03
6.000000000000000000e+01,1.000000000000000021e-03,2.000000000000000000e+00,0.000000000000000000e+00,2.000000000000000000e+01,1.000000000000000000e+01,1.000000000000000000e+01,9.900000000000000000e+01,2.000000000000000000e+01,1.000000000000000000e+00,0.000000000000000000e+00,0.000000000000000000e+00,1.000000000000000000e+00,-2.258129899100125293e-03,4.000000000000000000e+01,-5.645751241415974681e-05,1.358457580027067806e-03
6.000000000000000000e+01,1.000000000000000021e-03,2.000000000000000000e+00,2.000000000000000000e+00,2.000000000000000000e+01,1.000000000000000000e+01,1.000000000000000000e+00,9.900000000000000000e+01,2.000000000000000000e+01,2.000000000000000000e+00,0.000000000000000000e+00,0.000000000000000000e+00,0.000000000000000000e+00,0.000000000000000000e+00,4.000000000000000000e+01,0.000000000000000000e+00,1.344476892814773505e-02
6.000000000000000000e+01,1.000000000000000021e-03,2.000000000000000000e+00,2.000000000000000000e+00,3.000000000000000000e+01,5.000000000000000000e+00,5.000000000000000000e+00,9.900000000000000000e+01,2.000000000000000000e+01,1.000000000000000000e+00,0.000000000000000000e+00,1.000000000000000000e+00,1.000000000000000000e+00,1.810373781982788088e-03,3.000000000000000000e+01,6.530859337776640232e-05,7.920601519749612910e-04
6.000000000000000000e+01,1.000000000000000021e-03,3.000000000000000000e+00,1.000000000000000000e+00,3.000000000000000000e+01,1.000000000000000000e+01,1.000000000000000000e+01,9.900000000000000000e+01,2.000000000000000000e+01,2.000000000000000000e+00,0.000000000000000000e+00,1.000000000000000000e+00,1.000000000000000000e+00,8.775307121740905103e-03,3.000000000000000000e+01,2.982458376787048724e-04,8.152001673601235636e-04
6.000000000000000000e+01,1.000000000000000021e-03,3.000000000000000000e+00,2.000000000000000000e+00,4.000000000000000000e+01,2.000000000000000000e+01,3.000000000000000000e+00,9.900000000000000000e+01,2.000000000000000000e+01,0.000000000000000000e+00,0.000000000000000000e+00,1.000000000000000000e+00,1.000000000000000000e+00,-1.896553347262486255e-02,2.000000000000000000e+01,-9.288966599055592521e-04,9.566723131736419583e-04
6.000000000000000000e+01,1.000000000000000021e-03,5.000000000000000000e+00,2.000000000000000000e+00,3.000000000000000000e+01,5.000000000000000000e+00,1.000000000000000000e+01,9.900000000000000000e+01,2.000000000000000000e+01,2.000000000000000000e+00,1.000000000000000000e+00,0.000000000000000000e+00,1.000000000000000000e+00,4.994160090959764986e-03,3.000000000000000000e+01,1.686811270474060766e-04,1.514987497924311782e-03
6.000000000000000000e+01,1.000000000000000021e-03,7.000000000000000000e+00,1.000000000000000000e+00,4.000000000000000000e+01,2.000000000000000000e+00,3.000000000000000000e+00,9.900000000000000000e+01,2.000000000000000000e+01,1.000000000000000000e+00,0.000000000000000000e+00,1.000000000000000000e+00,1.000000000000000000e+00,0.000000000000000000e+00,2.000000000000000000e+01,0.000000000000000000e+00,1.064685377977873286e-03
6.000000000000000000e+01,2.000000000000000042e-03,3.000000000000000000e+00,2.000000000000000000e+00,4.000000000000000000e+01,2.000000000000000000e+01,1.000000000000000000e+00,9.900000000000000000e+01,2.000000000000000000e+01,0.000000000000000000e+00,0.000000000000000000e+00,0.000000000000000000e+00,1.000000000000000000e+00,1.927012630939217708e-02,2.000000000000000000e+01,9.620866849040177410e-04,1.617660677959142533e-03
6.000000000000000000e+01,2.000000000000000042e-03,4.000000000000000000e+00,2.000000000000000000e+00,3.000000000000000000e+01,1.000000000000000000e+01,5.000000000000000000e+00,9.900000000000000000e+01,2.000000000000000000e+01,1.000000000000000000e+00,0.000000000000000000e+00,1.000000000000000000e+00,1.000000000000000000e+00,0.000000000000000000e+00,3.000000000000000000e+01,0.000000000000000000e+00,1.136003673836926374e-03
6.000000000000000000e+01,2.000000000000000042e-03,5.000000000000000000e+00,0.000000000000000000e+00,4.000000000000000000e+01,2.000000000000000000e+01,1.000000000000000000e+00,9.900000000000000000e+01,2.000000000000000000e+01,1.000000000000000000e+00,0.000000000000000000e+00,1.000000000000000000e+00,1.000000000000000000e+00,0.000000000000000000e+00,2.000000000000000000e+01,0.000000000000000000e+00,1.006329727455092292e-03
6.000000000000000000e+01,2.000000000000000042e-03,6.000000000000000000e+00,0.000000000000000000e+00,3.000000000000000000e+01,5.000000000000000000e+00,1.000000000000000000e+00,9.900000000000000000e+01,2.000000000000000000e+01,1.000000000000000000e+00,1.000000000000000000e+00,1.000000000000000000e+00,1.000000000000000000e+00,7.293454179500002965e-04,3.000000000000000000e+01,3.826156190428475767e-05,9.322083704518573577e-04
6.000000000000000000e+01,2.000000000000000042e-03,7.000000000000000000e+00,1.000000000000000000e+00,3.000000000000000000e+01,1.000000000000000000e+01,1.000000000000000000e+00,9.900000000000000000e+01,2.000000000000000000e+01,1.000000000000000000e+00,0.000000000000000000e+00,0.000000000000000000e+00,1.000000000000000000e+00,0.000000000000000000e+00,3.000000000000000000e+01,0.000000000000000000e+00,1.665789056641251353e-03
6.000000000000000000e+01,3.000000000000000062e-03,1.000000000000000000e+00,1.000000000000000000e+00,2.000000000000000000e+01,1.000000000000000000e+01,1.000000000000000000e+00,9.900000000000000000e+01,2.000000000000000000e+01,1.000000000000000000e+00,0.000000000000000000e+00,1.000000000000000000e+00,0.000000000000000000e+00,-7.135425171707621139e-03,4.000000000000000000e+01,-1.482328153894624245e-04,7.563264170208486292e-03
6.000000000000000000e+01,3.000000000000000062e-03,2.000000000000000000e+00,1.000000000000000000e+00,3.000000000000000000e+01,5.000000000000000000e+00,1.000000000000000000e+01,9.900000000000000000e+01,2.000000000000000000e+01,1.000000000000000000e+00,1.000000000000000000e+00,0.000000000000000000e+00,1.000000000000000000e+00,2.038009742129465174e-02,3.000000000000000000e+01,6.813807936952113184e-04,1.525380872952186891e-03
6.000000000000000000e+01,3.000000000000000062e-03,2.000000000000000000e+00,2.000000000000000000e+00,3.000000000000000000e+01,2.000000000000000000e+00,3.000000000000000000e+00,9.900000000000000000e+01,2.000000000000000000e+01,1.000000000000000000e+00,0.000000000000000000e+00,0.000000000000000000e+00,1.000000000000000000e+00,-3.301714593443638712e-03,3.000000000000000000e+01,-1.041666397372390863e-04,1.439874459701910711e-03
6.000000000000000000e+01,3.000000000000000062e-03,3.000000000000000000e+00,2.000000000000000000e+00,3.000000000000000000e+01,5.000000000000000000e+00,3.000000000000000000e+00,9.900000000000000000e+01,2.000000000000000000e+01,1.000000000000000000e+00,1.000000000000000000e+00,1.000000000000000000e+00,1.000000000000000000e+00,6.324240277651549391e-03,3.000000000000000000e+01,2.110041675933834403e-04,9.705487462743403980e-04
6.000000000000000000e+01,3.000000000000000062e-03,4.000000000000000000e+00,0.000000000000000000e+00,3.000000000000000000e+01,5.000000000000000000e+00,3.000000000000000000e+00,9.900000000000000000e+01,2.000000000000000000e+01,0.000000000000000000e+00,1.000000000000000000e+00,1.000000000000000000e+00,1.000000000000000000e+00,0.000000000000000000e+00,3.000000000000000000e+01,0.000000000000000000e+00,1.142028071361180213e-03
6.000000000000000000e+01,3.000000000000000062e-03,5.000000000000000000e+00,0.000000000000000000e+00,3.000000000000000000e+01,5.000000000000000000e+00,2.000000000000000000e+01,9.900000000000000000e+01,2.000000000000000000e+01,0.000000000000000000e+00,0.000000000000000000e+00,0.000000000000000000e+00,1.000000000000000000e+00,0.000000000000000000e+00,3.000000000000000000e+01,0.000000000000000000e+00,1.489058400926760459e-03
6.000000000000000000e+01,3.000000000000000062e-03,5.000000000000000000e+00,0.000000000000000000e+00,3.000000000000000000e+01,5.000000000000000000e+00,2.000000000000000000e+01,9.900000000000000000e+01,2.000000000000000000e+01,1.000000000000000000e+00,1.000000000000000000e+00,0.000000000000000000e+00,1.000000000000000000e+00,0.000000000000000000e+00,3.000000000000000000e+01,0.000000000000000000e+00,1.488591511540120205e-03
6.000000000000000000e+01,3.000000000000000062e-03,5.000000000000000000e+00,2.000000000000000000e+00,3.000000000000000000e+01,2.000000000000000000e+00,1.000000000000000000e+01,9.900000000000000000e+01,2.000000000000000000e+01,2.000000000000000000e+00,0.000000000000000000e+00,0.000000000000000000e+00,1.000000000000000000e+00,0.000000000000000000e+00,3.000000000000000000e+01,0.000000000000000000e+00,1.445241370383945189e-03
6.000000000000000000e+01,3.000000000000000062e-03,6.000000000000000000e+00,0.000000000000000000e+00,3.000000000000000000e+01,5.000000000000000000e+00,2.000000000000000000e+01,9.900000000000000000e+01,2.000000000000000000e+01,0.000000000000000000e+00,1.000000000000000000e+00,0.000000000000000000e+00,1.000000000000000000e+00,0.000000000000000000e+00,3.000000000000000000e+01,0.000000000000000000e+00,1.506481936005679267e-03
6.000000000000000000e+01,3.000000000000000062e-03,7.000000000000000000e+00,0.000000000000000000e+00,2.000000000000000000e+01,5.000000000000000000e+00,1.000000000000000000e+00,9.900000000000000000e+01,2.000000000000000000e+01,0.000000000000000000e+00,1.000000000000000000e+00,1.000000000000000000e+00,1.000000000000000000e+00,-1.741944454682919918e-02,4.000000000000000000e+01,-4.257257522471358463e-04,1.212694561133374630e-03
6.000000000000000000e+01,3.000000000000000062e-03,7.000000000000000000e+00,0.000000000000000000e+00,3.000000000000000000e+01,5.000000000000000000e+00,1.000000000000000000e+00,9.900000000000000000e+01,2.000000000000000000e+01,1.000000000000000000e+00,1.000000000000000000e+00,1.000000000000000000e+00,1.000000000000000000e+00,1.675080209338886128e-02,3.000000000000000000e+01,5.731051281072060185e-04,8.425144906982537764e-04
6.000000000000000000e+01,3.000000000000000062e-03,7.000000000000000000e+00,1.000000000000000000e+00,3.000000000000000000e+01,2.000000000000000000e+00,3.000000000000000000e+00,9.900000000000000000e+01,2.000000000000000000e+01,1.000000000000000000e+00,0.000000000000000000e+00,0.000000000000000000e+00,1.000000000000000000e+00,0.000000000000000000e+00,3.000000000000000000e+01,0.000000000000000000e+00,1.658833265673184806e-03
6.000000000000000000e+01,4.000000000000000083e-03,1.000000000000000000e+00,0.000000000000000000e+00,2.000000000000000000e+01,1.000000000000000000e+01,1.000000000000000000e+00,9.900000000000000000e+01,2.000000000000000000e+01,2.000000000000000000e+00,0.000000000000000000e+00,0.000000000000000000e+00,0.000000000000000000e+00,-1.124088988867666394e-02,4.000000000000000000e+01,-2.819551444560808523e-04,1.217986751864761101e-03
6.000000000000000000e+01,4.000000000000000083e-03,2.000000000000000000e+00,0.000000000000000000e+00,2.000000000000000000e+01,1.000000000000000000e+01,1.000000000000000000e+00,9.900000000000000000e+01,2.000000000000000000e+01,2.000000000000000000e+00,0.000000000000000000e+00,0.000000000000000000e+00,0.000000000000000000e+00,-3.459462181300620998e-02,4.000000000000000000e+01,-8.504081115865063994e-04,1.940808954825007718e-03
6.000000000000000000e+01,4.000000000000000083e-03,3.000000000000000000e+00,0.000000000000000000e+00,4.000000000000000000e+01,1.000000000000000000e+01,1.000000000000000000e+01,9.900000000000000000e+01,2.000000000000000000e+01,1.000000000000000000e+00,1.000000000000000000e+00,1.000000000000000000e+00,1.000000000000000000e+00,-1.130666623065990084e-02,2.000000000000000000e+01,-5.650611884833678595e-04,1.013558882853758756e-03
6.000000000000000000e+01,4.000000000000000083e-03,4.000000000000000000e+00,2.000000000000000000e+00,3.000000000000000000e+01,2.000000000000000000e+01,1.000000000000000000e+01,9.900000000000000000e+01,2.000000000000000000e+01,1.000000000000000000e+00,1.000000000000000000e+00,1.000000000000000000e+00,1.000000000000000000e+00,0.000000000000000000e+00,2.000000000000000000e+01,0.000000000000000000e+00,9.620833254124003383e-04
6.000000000000000000e+01,4.000000000000000083e-03,8.000000000000000000e+00,0.000000000000000000e+00,3.000000000000000000e+01,2.000000000000000000e+00,1.000000000000000000e+01,9.900000000000000000e+01,2.000000000000000000e+01,1.000000000000000000e+00,0.000000000000000000e+00,0.000000000000000000e+00,1.000000000000000000e+00,0.000000000000000000e+00,3.000000000000000000e+01,0.000000000000000000e+00,1.492215632637414104e-03
6.000000000000000000e+01,4.000000000000000083e-03,8.000000000000000000e+00,0.000000000000000000e+00,3.000000000000000000e+01,5.000000000000000000e+00,5.000000000000000000e+00,9.900000000000000000e+01,2.000000000000000000e+01,0.000000000000000000e+00,0.000000000000000000e+00,0.000000000000000000e+00,1.000000000000000000e+00,0.000000000000000000e+00,3.000000000000000000e+01,0.000000000000000000e+00,1.495043995158850010e-03
8.000000000000000000e+01,1.000000000000000021e-03,3.000000000000000000e+00,0.000000000000000000e+00,2.000000000000000000e+01,1.000000000000000000e+01,1.000000000000000000e+00,9.900000000000000000e+01,2.000000000000000000e+01,1.000000000000000000e+00,1.000000000000000000e+00,0.000000000000000000e+00,1.000000000000000000e+00,-2.926128548376150107e-03,4.000000000000000000e+01,-5.302330302217328213e-05,2.616798025517533006e-03
8.000000000000000000e+01,1.000000000000000021e-03,7.000000000000000000e+00,1.000000000000000000e+00,3.000000000000000000e+01,2.000000000000000000e+00,2.000000000000000000e+01,9.900000000000000000e+01,2.000000000000000000e+01,2.000000000000000000e+00,0.000000000000000000e+00,1.000000000000000000e+00,1.000000000000000000e+00,0.000000000000000000e+00,3.000000000000000000e+01,0.000000000000000000e+00,8.729443294078504528e-04
8.000000000000000000e+01,2.000000000000000042e-03,1.000000000000000000e+00,1.000000000000000000e+00,4.000000000000000000e+01,2.000000000000000000e+01,4.000000000000000000e+01,9.900000000000000000e+01,2.000000000000000000e+01,2.000000000000000000e+00,0.000000000000000000e+00,1.000000000000000000e+00,1.000000000000000000e+00,-8.723098180110189226e-03,2.000000000000000000e+01,-4.277327030018318816e-04,6.558636984247869905e-04
8.000000000000000000e+01,2.000000000000000042e-03,3.000000000000000000e+00,1.000000000000000000e+00,2.000000000000000000e+01,1.000000000000000000e+01,1.000000000000000000e+00,9.900000000000000000e+01,2.000000000000000000e+01,1.000000000000000000e+00,0.000000000000000000e+00,1.000000000000000000e+00,0.000000000000000000e+00,-2.535859069854329295e-02,4.000000000000000000e+01,-6.351591311908350457e-04,2.166860947683562320e-03
8.000000000000000000e+01,2.000000000000000042e-03,4.000000000000000000e+00,1.000000000000000000e+00,2.000000000000000000e+01,1.000000000000000000e+01,1.000000000000000000e+00,9.900000000000000000e+01,2.000000000000000000e+01,2.000000000000000000e+00,1.000000000000000000e+00,1.000000000000000000e+00,0.000000000000000000e+00,0.000000000000000000e+00,4.000000000000000000e+01,0.000000000000000000e+00,1.140318087878391604e-02
8.000000000000000000e+01,2.000000000000000042e-03,4.000000000000000000e+00,1.000000000000000000e+00,3.000000000000000000e+01,1.000000000000000000e+01,4.000000000000000000e+01,9.900000000000000000e+01,2.000000000000000000e+01,1.000000000000000000e+00,1.000000000000000000e+00,0.000000000000000000e+00,1.000000000000000000e+00,0.000000000000000000e+00,3.000000000000000000e+01,0.000000000000000000e+00,1.412667110679935532e-03
8.000000000000000000e+01,3.000000000000000062e-03,1.000000000000000000e+00,0.000000000000000000e+00,2.000000000000000000e+01,1.000000000000000000e+01,1.000000000000000000e+00,9.900000000000000000e+01,2.000000000000000000e+01,2.000000000000000000e+00,1.000000000000000000e+00,0.000000000000000000e+00,1.000000000000000000e+00,2.948544815430009791e-02,4.000000000000000000e+01,7.398651775651410084e-04,2.164822433586546281e-03
8.000000000000000000e+01,3.000000000000000062e-03,2.000000000000000000e+00,2.000000000000000000e+00,2.000000000000000000e+01,5.000000000000000000e+00,2.000000000000000000e+01,9.900000000000000000e+01,2.000000000000000000e+01,2.000000000000000000e+00,1.000000000000000000e+00,1.000000000000000000e+00,1.000000000000000000e+00,-2.326659476169723462e-03,4.000000000000000000e+01,-5.033850224634983390e-05,9.900527376794560942e-04
8.000000000000000000e+01,3.000000000000000062e-03,3.000000000000000000e+00,1.000000000000000000e+00,3.000000000000000000e+01,2.000000000000000000e+01,4.000000000000000000e+01,9.900000000000000000e+01,2.000000000000000000e+01,2.000000000000000000e+00,1.000000000000000000e+00,0.000000000000000000e+00,1.000000000000000000e+00,3.801981931818243510e-03,2.000000000000000000e+01,1.900990965909121863e-04,1.594215929693621955e-03
8.000000000000000000e+01,3.000000000000000062e-03,3.000000000000000000e+00,2.000000000000000000e+00,2.000000000000000000e+01,5.000000000000000000e+00,2.000000000000000000e+01,9.900000000000000000e+01,2.000000000000000000e+01,2.000000000000000000e+00,0.000000000000000000e+00,0.000000000000000000e+00,1.000000000000000000e+00,0.000000000000000000e+00,4.000000000000000000e+01,0.000000000000000000e+00,1.690927182486923631e-03
8.000000000000000000e+01,3.000000000000000062e-03,3.000000000000000000e+00,2.000000000000000000e+00,3.000000000000000000e+01,2.000000000000000000e+01,4.000000000000000000e+01,9.900000000000000000e+01,2.000000000000000000e+01,2.000000000000000000e+00,0.000000000000000000e+00,0.000000000000000000e+00,1.000000000000000000e+00,1.176272186177373946e-02,2.000000000000000000e+01,5.868710859300519051e-04,1.562815490387059903e-03
8.000000000000000000e+01,3.000000000000000062e-03,3.000000000000000000e+00,2.000000000000000000e+00,4.000000000000000000e+01,2.000000000000000000e+01,4.000000000000000000e+01,9.900000000000000000e+01,2.000000000000000000e+01,2.000000000000000000e+00,1.000000000000000000e+00,1.000000000000000000e+00,1.000000000000000000e+00,4.445507948949156685e-03,2.000000000000000000e+01,2.222753974474578342e-04,9.133500272743490678e-04
8.000000000000000000e+01,3.000000000000000062e-03,6.000000000000000000e+00,0.000000000000000000e+00,3.000000000000000000e+01,2.000000000000000000e+00,2.000000000000000000e+01,9.900000000000000000e+01,2.000000000000000000e+01,2.000000000000000000e+00,0.000000000000000000e+00,0.000000000000000000e+00,1.000000000000000000e+00,0.000000000000000000e+00,3.000000000000000000e+01,0.000000000000000000e+00,1.489078617036408312e-03
8.000000000000000000e+01,4.000000000000000083e-03,1.000000000000000000e+00,0.000000000000000000e+00,2.000000000000000000e+01,1.000000000000000000e+01,1.000000000000000000e+00,9.900000000000000000e+01,2.000000000000000000e+01,0.000000000000000000e+00,0.000000000000000000e+00,1.000000000000000000e+00,1.000000000000000000e+00,-8.877904706099393195e-04,4.000000000000000000e+01,-2.187373028344763505e-05,1.291429226892616645e-03
8.000000000000000000e+01,4.000000000000000083e-03,2.000000000000000000e+00,0.000000000000000000e+00,2.000000000000000000e+01,2.000000000000000000e+01,2.000000000000000000e+01,9.900000000000000000e+01,2.000000000000000000e+01,1.000000000000000000e+00,1.000000000000000000e+00,0.000000000000000000e+00,1.000000000000000000e+00,-4.607058109143968849e-03,4.000000000000000000e+01,-1.152188829827122091e-04,1.326576650881611946e-03
8.000000000000000000e+01,4.000000000000000083e-03,4.000000000000000000e+00,1.000000000000000000e+00,4.000000000000000000e+01,2.000000000000000000e+01,4.000000000000000000e+01,9.900000000000000000e+01,2.000000000000000000e+01,2.000000000000000000e+00,1.000000000000000000e+00,1.000000000000000000e+00,1.000000000000000000e+00,0.000000000000000000e+00,2.000000000000000000e+01,0.000000000000000000e+00,9.571817210196553131e-04
8.000000000000000000e+01,4.000000000000000083e-03,6.000000000000000000e+00,2.000000000000000000e+00,3.000000000000000000e+01,2.000000000000000000e+00,2.000000000000000000e+01,9.900000000000000000e+01,2.000000000000000000e+01,1.000000000000000000e+00,0.000000000000000000e+00,1.000000000000000000e+00,1.000000000000000000e+00,0.000000000000000000e+00,3.000000000000000000e+01,0.000000000000000000e+00,8.250124010678876359e-04
1.000000000000000000e+02,1.000000000000000021e-03,1.000000000000000000e+00,2.000000000000000000e+00,2.000000000000000000e+01,1.000000000000000000e+01,1.000000000000000000e+00,9.900000000000000000e+01,2.000000000000000000e+01,1.000000000000000000e+00,0.000000000000000000e+00,0.000000000000000000e+00,0.000000000000000000e+00,7.603711260008250150e-03,4.000000000000000000e+01,2.078214144056928002e-04,1.627021239285496995e-03
1.000000000000000000e+02,2.000000000000000042e-03,2.000000000000000000e+00,2.000000000000000000e+00,2.000000000000000000e+01,1.000000000000000000e+01,1.000000000000000000e+00,9.900000000000000000e+01,2.000000000000000000e+01,0.000000000000000000e+00,0.000000000000000000e+00,0.000000000000000000e+00,0.000000000000000000e+00,0.000000000000000000e+00,4.000000000000000000e+01,0.000000000000000000e+00,2.708564046748572571e-03
1.000000000000000000e+02,2.000000000000000042e-03,3.000000000000000000e+00,2.000000000000000000e+00,2.000000000000000000e+01,5.000000000000000000e+00,1.000000000000000000e+01,9.900000000000000000e+01,2.000000000000000000e+01,2.000000000000000000e+00,0.000000000000000000e+00,0.000000000000000000e+00,1.000000000000000000e+00,0.000000000000000000e+00,4.000000000000000000e+01,0.000000000000000000e+00,1.824567335807010483e-03
1.000000000000000000e+02,2.000000000000000042e-03,5.000000000000000000e+00,0.000000000000000000e+00,4.000000000000000000e+01,2.000000000000000000e+01,1.000000000000000000e+00,9.900000000000000000e+01,2.000000000000000000e+01,2.000000000000000000e+00,1.000000000000000000e+00,1.000000000000000000e+00,1.000000000000000000e+00,0.000000000000000000e+00,2.000000000000000000e+01,0.000000000000000000e+00,1.081757568859520501e-03
1.000000000000000000e+02,2.000000000000000042e-03,6.000000000000000000e+00,2.000000000000000000e+00,2.000000000000000000e+01,1.000000000000000000e+01,3.000000000000000000e+00,9.900000000000000000e+01,2.000000000000000000e+01,2.000000000000000000e+00,0.000000000000000000e+00,0.000000000000000000e+00,1.000000000000000000e+00,0.000000000000000000e+00,4.000000000000000000e+01,0.000000000000000000e+00,1.518128198288769184e-03
1.000000000000000000e+02,3.000000000000000062e-03,3.000000000000000000e+00,2.000000000000000000e+00,2.000000000000000000e+01,1.000000000000000000e+01,1.000000000000000000e+00,9.900000000000000000e+01,2.000000000000000000e+01,2.000000000000000000e+00,1.000000000000000000e+00,0.000000000000000000e+00,0.000000000000000000e+00,-1.104187971449666072e-02,4.000000000000000000e+01,-2.767381970866150459e-04,5.053358664259786047e-03
1.000000000000000000e+02,3.000000000000000062e-03,4.000000000000000000e+00,2.000000000000000000e+00,2.000000000000000000e+01,1.000000000000000000e+01,1.000000000000000000e+00,9.900000000000000000e+01,2.000000000000000000e+01,0.000000000000000000e+00,0.000000000000000000e+00,1.000000000000000000e+00,0.000000000000000000e+00,0.000000000000000000e+00,4.000000000000000000e+01,0.000000000000000000e+00,6.923385340732922562e-03
1.000000000000000000e+02,3.000000000000000062e-03,5.000000000000000000e+00,0.000000000000000000e+00,4.000000000000000000e+01,2.000000000000000000e+01,5.000000000000000000e+00,9.900000000000000000e+01,2.000000000000000000e+01,0.000000000000000000e+00,1.000000000000000000e+00,1.000000000000000000e+00,1.000000000000000000e+00,0.000000000000000000e+00,2.000000000000000000e+01,0.000000000000000000e+00,9.604344136792796610e-04
1.000000000000000000e+02,3.000000000000000062e-03,7.000000000000000000e+00,1.000000000000000000e+00,3.000000000000000000e+01,5.000000000000000000e+00,3.000000000000000000e+01,9.900000000000000000e+01,2.000000000000000000e+01,2.000000000000000000e+00,0.000000000000000000e+00,0.000000000000000000e+00,1.000000000000000000e+00,0.000000000000000000e+00,3.000000000000000000e+01,0.000000000000000000e+00,1.424325082016168319e-03
1.000000000000000000e+02,4.000000000000000083e-03,2.000000000000000000e+00,1.000000000000000000e+00,2.000000000000000000e+01,1.000000000000000000e+01,1.000000000000000000e+00,9.900000000000000000e+01,2.000000000000000000e+01,1.000000000000000000e+00,0.000000000000000000e+00,0.000000000000000000e+00,1.000000000000000000e+00,0.000000000000000000e+00,4.000000000000000000e+01,0.000000000000000000e+00,2.540654090669913680e-03
1.000000000000000000e+02,4.000000000000000083e-03,8.000000000000000000e+00,2.000000000000000000e+00,4.000000000000000000e+01,1.000000000000000000e+01,5.000000000000000000e+00,9.900000000000000000e+01,2.000000000000000000e+01,0.000000000000000000e+00,1.000000000000000000e+00,1.000000000000000000e+00,1.000000000000000000e+00,0.000000000000000000e+00,2.000000000000000000e+01,0.000000000000000000e+00,1.021231596028940444e-03
1.200000000000000000e+02,1.000000000000000021e-03,1.000000000000000000e+00,0.000000000000000000e+00,3.000000000000000000e+01,2.000000000000000000e+01,3.000000000000000000e+01,9.900000000000000000e+01,2.000000000000000000e+01,2.000000000000000000e+00,1.000000000000000000e+00,1.000000000000000000e+00,1.000000000000000000e+00,2.078688492171187896e-02,2.000000000000000000e+01,1.061404812298866141e-03,7.569303646170497200e-04
1.200000000000000000e+02,1.000000000000000021e-03,3.000000000000000000e+00,0.000000000000000000e+00,3.000000000000000000e+01,2.000000000000000000e+01,3.000000000000000000e+01,9.900000000000000000e+01,2.000000000000000000e+01,1.000000000000000000e+00,1.000000000000000000e+00,0.000000000000000000e+00,1.000000000000000000e+00,1.565210835068109319e-02,2.000000000000000000e+01,7.788095931452576181e-04,1.519564055724367986e-03
1.200000000000000000e+02,1.000000000000000021e-03,5.000000000000000000e+00,2.000000000000000000e+00,2.000000000000000000e+01,2.000000000000000000e+01,3.000000000000000000e+01,9.900000000000000000e+01,2.000000000000000000e+01,1.000000000000000000e+00,0.000000000000000000e+00,1.000000000000000000e+00,1.000000000000000000e+00,-5.992855626962834137e-03,4.000000000000000000e+01,-1.132017056659023692e-04,1.198091114314940630e-03
1.200000000000000000e+02,1.000000000000000021e-03,6.000000000000000000e+00,0.000000000000000000e+00,4.000000000000000000e+01,5.000000000000000000e+00,3.000000000000000000e+00,9.900000000000000000e+01,2.000000000000000000e+01,2.000000000000000000e+00,1.000000000000000000e+00,0.000000000000000000e+00,1.000000000000000000e+00,0.000000000000000000e+00,2.000000000000000000e+01,0.000000000000000000e+00,1.702286288566386835e-03
1.200000000000000000e+02,1.000000000000000021e-03,6.000000000000000000e+00,1.000000000000000000e+00,2.000000000000000000e+01,2.000000000000000000e+00,1.000000000000000000e+01,9.900000000000000000e+01,2.000000000000000000e+01,2.000000000000000000e+00,0.000000000000000000e+00,1.000000000000000000e+00,1.000000000000000000e+00,-1.055845631928886696e-02,4.000000000000000000e+01,-2.498156670692641581e-04,1.029083446259909749e-03
1.200000000000000000e+02,1.000000000000000021e-03,6.000000000000000000e+00,1.000000000000000000e+00,3.000000000000000000e+01,2.000000000000000000e+01,3.000000000000000000e+01,9.900000000000000000e+01,2.000000000000000000e+01,2.000000000000000000e+00,0.000000000000000000e+00,1.000000000000000000e+00,1.000000000000000000e+00,0.000000000000000000e+00,2.000000000000000000e+01,0.000000000000000000e+00,9.408839269053990029e-04
1.200000000000000000e+02,1.000000000000000021e-03,8.000000000000000000e+00,0.000000000000000000e+00,2.000000000000000000e+01,2.000000000000000000e+00,1.000000000000000000e+01,9.900000000000000000e+01,2.000000000000000000e+01,2.000000000000000000e+00,1.000000000000000000e+00,0.000000000000000000e+00,1.000000000000000000e+00,1.301121488200807086e-02,4.000000000000000000e+01,3.276078265429138606e-04,1.737375066783701603e-03
1.200000000000000000e+02,1.000000000000000021e-03,8.000000000000000000e+00,1.000000000000000000e+00,2.000000000000000000e+01,2.000000000000000000e+00,3.000000000000000000e+00,9.900000000000000000e+01,2.000000000000000000e+01,0.000000000000000000e+00,1.000000000000000000e+00,0.000000000000000000e+00,1.000000000000000000e+00,2.692464399168215117e-02,4.000000000000000000e+01,6.883087090692796345e-04,2.270873383828248774e-03
1.200000000000000000e+02,1.000000000000000021e-03,8.000000000000000000e+00,2.000000000000000000e+00,2.000000000000000000e+01,5.000000000000000000e+00,5.000000000000000000e+00,9.900000000000000000e+01,2.000000000000000000e+01,0.000000000000000000e+00,1.000000000000000000e+00,0.000000000000000000e+00,1.000000000000000000e+00,-8.944720744655132449e-03,4.000000000000000000e+01,-2.204911990450059145e-04,1.605831438792980955e-03
1.200000000000000000e+02,2.000000000000000042e-03,2.000000000000000000e+00,0.000000000000000000e+00,2.000000000000000000e+01,1.000000000000000000e+01,1.000000000000000000e+00,9.900000000000000000e+01,2.000000000000000000e+01,2.000000000000000000e+00,0.000000000000000000e+00,1.000000000000000000e+00,1.000000000000000000e+00,0.000000000000000000e+00,4.000000000000000000e+01,0.000000000000000000e+00,3.458354240829462911e-02
1.200000000000000000e+02,2.000000000000000042e-03,2.000000000000000000e+00,1.000000000000000000e+00,3.000000000000000000e+01,1.000000000000000000e+01,5.000000000000000000e+00,9.900000000000000000e+01,2.000000000000000000e+01,2.000000000000000000e+00,1.000000000000000000e+00,0.000000000000000000e+00,1.000000000000000000e+00,-9.150973329467682049e-03,3.000000000000000000e+01,-2.696139912857590799e-04,2.030251382604147427e-03
1.200000000000000000e+02,2.000000000000000042e-03,3.000000000000000000e+00,1.000000000000000000e+00,3.000000000000000000e+01,1.000000000000000000e+01,3.000000000000000000e+01,9.900000000000000000e+01,2.000000000000000000e+01,2.000000000000000000e+00,0.000000000000000000e+00,1.000000000000000000e+00,1.000000000000000000e+00,0.000000000000000000e+00,3.000000000000000000e+01,0.000000000000000000e+00,7.653761336414186900e-04
1.200000000000000000e+02,2.000000000000000042e-03,3.000000000000000000e+00,2.000000000000000000e+00,3.000000000000000000e+01,1.000000000000000000e+01,1.000000000000000000e+01,9.900000000000000000e+01,2.000000000000000000e+01,2.000000000000000000e+00,1.000000000000000000e+00,1.000000000000000000e+00,1.000000000000000000e+00,8.026852272473350425e-03,3.000000000000000000e+01,2.749741959923982957e-04,8.494088244600868538e-04
1.200000000000000000e+02,2.000000000000000042e-03,4.000000000000000000e+00,2.000000000000000000e+00,3.000000000000000000e+01,1.000000000000000000e+01,2.000000000000000000e+01,9.900000000000000000e+01,2.000000000000000000e+01,2.000000000000000000e+00,0.000000000000000000e+00,0.000000000000000000e+00,1.000000000000000000e+00,0.000000000000000000e+00,3.000000000000000000e+01,0.000000000000000000e+00,1.488203045388533869e-03
1.200000000000000000e+02,3.000000000000000062e-03,1.000000000000000000e+00,0.000000000000000000e+00,2.000000000000000000e+01,1.000000000000000000e+01,1.000000000000000000e+00,9.900000000000000000e+01,2.000000000000000000e+01,1.000000000000000000e+00,0.000000000000000000e+00,0.000000000000000000e+00,1.000000000000000000e+00,5.104957859358716377e-04,4.000000000000000000e+01,1.276239464839679094e-05,2.150786798426250913e-03
1.200000000000000000e+02,3.000000000000000062e-03,1.000000000000000000e+00,2.000000000000000000e+00,2.000000000000000000e+01,1.000000000000000000e+01,1.000000000000000000e+00,9.900000000000000000e+01,2.000000000000000000e+01,1.000000000000000000e+00,1.000000000000000000e+00,0.000000000000000000e+00,1.000000000000000000e+00,-1.400804466865623876e-02,4.000000000000000000e+01,-3.454881614254307174e-04,2.347741819350228267e-03
1.200000000000000000e+02,3.000000000000000062e-03,3.000000000000000000e+00,0.000000000000000000e+00,4.000000000000000000e+01,2.000000000000000000e+01,3.000000000000000000e+01,9.900000000000000000e+01,2.000000000000000000e+01,2.000000000000000000e+00,1.000000000000000000e+00,1.000000000000000000e+00,1.000000000000000000e+00,0.000000000000000000e+00,2.000000000000000000e+01,0.000000000000000000e+00,9.364841839332860426e-04
1.200000000000000000e+02,3.000000000000000062e-03,3.000000000000000000e+00,1.000000000000000000e+00,4.000000000000000000e+01,1.000000000000000000e+01,1.000000000000000000e+01,9.900000000000000000e+01,2.000000000000000000e+01,2.000000000000000000e+00,1.000000000000000000e+00,1.000000000000000000e+00,1.000000000000000000e+00,1.137455747806548345e-02,2.000000000000000000e+01,6.031718011159148190e-04,1.260195844516035207e-03
1.200000000000000000e+02,3.000000000000000062e-03,3.000000000000000000e+00,2.000000000000000000e+00,4.000000000000000000e+01,2.000000000000000000e+01,1.000000000000000000e+01,9.900000000000000000e+01,2.000000000000000000e+01,1.000000000000000000e+00,1.000000000000000000e+00,0.000000000000000000e+00,1.000000000000000000e+00,0.000000000000000000e+00,2.000000000000000000e+01,0.000000000000000000e+00,1.595372412058398970e-03
1.200000000000000000e+02,3.000000000000000062e-03,4.000000000000000000e+00,0.000000000000000000e+00,4.000000000000000000e+01,5.000000000000000000e+00,1.000000000000000000e+01,9.900000000000000000e+01,2.000000000000000000e+01,1.000000000000000000e+00,1.000000000000000000e+00,0.000000000000000000e+00,1.000000000000000000e+00,0.000000000000000000e+00,2.000000000000000000e+01,0.000000000000000000e+00,1.691128226803371298e-03
1.200000000000000000e+02,3.000000000000000062e-03,8.000000000000000000e+00,2.000000000000000000e+00,3.000000000000000000e+01,1.000000000000000000e+01,1.000000000000000000e+01,9.900000000000000000e+01,2.000000000000000000e+01,1.000000000000000000e+00,1.000000000000000000e+00,0.000000000000000000e+00,1.000000000000000000e+00,0.000000000000000000e+00,3.000000000000000000e+01,0.000000000000000000e+00,1.567846923806108560e-03
1.200000000000000000e+02,4.000000000000000083e-03,2.000000000000000000e+00,0.000000000000000000e+00,2.000000000000000000e+01,5.000000000000000000e+00,3.000000000000000000e+00,9.900000000000000000e+01,2.000000000000000000e+01,0.000000000000000000e+00,1.000000000000000000e+00,0.000000000000000000e+00,1.000000000000000000e+00,-2.817904380711611090e-03,4.000000000000000000e+01,-4.434074356354511255e-05,2.396674984875304254e-03
1.200000000000000000e+02,4.000000000000000083e-03,2.000000000000000000e+00,0.000000000000000000e+00,4.000000000000000000e+01,1.000000000000000000e+01,5.000000000000000000e+00,9.900000000000000000e+01,2.000000000000000000e+01,2.000000000000000000e+00,0.000000000000000000e+00,1.000000000000000000e+00,1.000000000000000000e+00,7.766506719177890261e-04,2.000000000000000000e+01,3.883253359588944860e-05,1.152427460402467808e-03
1.200000000000000000e+02,4.000000000000000083e-03,4.000000000000000000e+00,0.000000000000000000e+00,4.000000000000000000e+01,1.000000000000000000e+01,1.000000000000000000e+01,9.900000000000000000e+01,2.000000000000000000e+01,2.000000000000000000e+00,1.000000000000000000e+00,0.000000000000000000e+00,1.000000000000000000e+00,0.000000000000000000e+00,2.000000000000000000e+01,0.000000000000000000e+00,1.646523219161380447e-03
1.200000000000000000e+02,4.000000000000000083e-03,4.000000000000000000e+00,0.000000000000000000e+00,4.000000000000000000e+01,1.000000000000000000e+01,2.000000000000000000e+01,9.900000000000000000e+01,2.000000000000000000e+01,1.000000000000000000e+00,0.000000000000000000e+00,0.000000000000000000e+00,1.000000000000000000e+00,0.000000000000000000e+00,2.000000000000000000e+01,0.000000000000000000e+00,1.646001912630727735e-03
1.200000000000000000e+02,4.000000000000000083e-03,5.000000000000000000e+00,0.000000000000000000e+00,3.000000000000000000e+01,2.000000000000000000e+01,3.000000000000000000e+01,9.900000000000000000e+01,2.000000000000000000e+01,1.000000000000000000e+00,0.000000000000000000e+00,0.000000000000000000e+00,1.000000000000000000e+00,0.000000000000000000e+00,2.000000000000000000e+01,0.000000000000000000e+00,1.678108414872289721e-03
1.200000000000000000e+02,4.000000000000000083e-03,5.000000000000000000e+00,1.000000000000000000e+00,3.000000000000000000e+01,2.000000000000000000e+01,3.000000000000000000e+01,9.900000000000000000e+01,2.000000000000000000e+01,0.000000000000000000e+00,1.000000000000000000e+00,0.000000000000000000e+00,1.000000000000000000e+00,0.000000000000000000e+00,2.000000000000000000e+01,0.000000000000000000e+00,1.689440213609683496e-03
1.200000000000000000e+02,4.000000000000000083e-03,5.000000000000000000e+00,2.000000000000000000e+00,4.000000000000000000e+01,1.000000000000000000e+01,3.000000000000000000e+01,9.900000000000000000e+01,2.000000000000000000e+01,2.000000000000000000e+00,1.000000000000000000e+00,1.000000000000000000e+00,1.000000000000000000e+00,0.000000000000000000e+00,2.000000000000000000e+01,0.000000000000000000e+00,9.983731668993308262e-04
1.200000000000000000e+02,4.000000000000000083e-03,7.000000000000000000e+00,0.000000000000000000e+00,2.000000000000000000e+01,5.000000000000000000e+00,1.000000000000000000e+01,9.900000000000000000e+01,2.000000000000000000e+01,1.000000000000000000e+00,1.000000000000000000e+00,1.000000000000000000e+00,1.000000000000000000e+00,-4.864581287514768704e-03,4.000000000000000000e+01,-9.085037253597494096e-05,1.525253882436537973e-03
1.200000000000000000e+02,4.000000000000000083e-03,7.000000000000000000e+00,1.000000000000000000e+00,3.000000000000000000e+01,2.000000000000000000e+01,3.000000000000000000e+00,9.900000000000000000e+01,2.000000000000000000e+01,0.000000000000000000e+00,0.000000000000000000e+00,1.000000000000000000e+00,1.000000000000000000e+00,0.000000000000000000e+00,2.000000000000000000e+01,0.000000000000000000e+00,9.506015488374548955e-04
1.200000000000000000e+02,4.000000000000000083e-03,7.000000000000000000e+00,2.000000000000000000e+00,4.000000000000000000e+01,1.000000000000000000e+01,3.000000000000000000e+00,9.900000000000000000e+01,2.000000000000000000e+01,1.000000000000000000e+00,0.000000000000000000e+00,1.000000000000000000e+00,1.000000000000000000e+00,0.000000000000000000e+00,2.000000000000000000e+01,0.000000000000000000e+00,9.660952343572002440e-04
1.200000000000000000e+02,4.000000000000000083e-03,8.000000000000000000e+00,2.000000000000000000e+00,2.000000000000000000e+01,2.000000000000000000e+01,3.000000000000000000e+00,9.900000000000000000e+01,2.000000000000000000e+01,2.000000000000000000e+00,0.000000000000000000e+00,1.000000000000000000e+00,1.000000000000000000e+00,-2.051906833838434974e-02,4.000000000000000000e+01,-5.056686449850050996e-04,1.703419497730877200e-03
1.400000000000000000e+02,1.000000000000000021e-03,1.000000000000000000e+00,2.000000000000000000e+00,2.000000000000000000e+01,1.000000000000000000e+01,1.000000000000000000e+00,9.900000000000000000e+01,2.000000000000000000e+01,2.000000000000000000e+00,1.000000000000000000e+00,0.000000000000000000e+00,0.000000000000000000e+00,-5.537526919418300775e-02,4.000000000000000000e+01,-1.407829592202541977e-03,4.538785100192130675e-03
1.400000000000000000e+02,1.000000000000000021e-03,2.000000000000000000e+00,1.000000000000000000e+00,2.000000000000000000e+01,1.000000000000000000e+01,1.000000000000000000e+00,9.900000000000000000e+01,2.000000000000000000e+01,0.000000000000000000e+00,0.000000000000000000e+00,0.000000000000000000e+00,0.000000000000000000e+00,2.742009862136463028e-03,4.000000000000000000e+01,6.925522833984010522e-05,1.583195911468886826e-03
1.400000000000000000e+02,1.000000000000000021e-03,2.000000000000000000e+00,2.000000000000000000e+00,2.000000000000000000e+01,5.000000000000000000e+00,3.000000000000000000e+00,9.900000000000000000e+01,2.000000000000000000e+01,2.000000000000000000e+00,1.000000000000000000e+00,0.000000000000000000e+00,1.000000000000000000e+00,-5.600992408838378900e-03,4.000000000000000000e+01,-1.394663174928589713e-04,2.434350881710000639e-03
1.400000000000000000e+02,1.000000000000000021e-03,4.000000000000000000e+00,0.000000000000000000e+00,2.000000000000000000e+01,5.000000000000000000e+00,5.000000000000000000e+00,9.900000000000000000e+01,2.000000000000000000e+01,1.000000000000000000e+00,0.000000000000000000e+00,0.000000000000000000e+00,1.000000000000000000e+00,-1.395929883767077495e-02,4.000000000000000000e+01,-3.145830558138329458e-04,2.488193146406911856e-03
1.400000000000000000e+02,2.000000000000000042e-03,1.000000000000000000e+00,0.000000000000000000e+00,2.000000000000000000e+01,2.000000000000000000e+00,3.000000000000000000e+01,9.900000000000000000e+01,2.000000000000000000e+01,1.000000000000000000e+00,0.000000000000000000e+00,1.000000000000000000e+00,1.000000000000000000e+00,3.971754438110153274e-03,4.000000000000000000e+01,1.047020944972165717e-04,6.654053216313532675e-04
1.400000000000000000e+02,2.000000000000000042e-03,2.000000000000000000e+00,0.000000000000000000e+00,2.000000000000000000e+01,5.000000000000000000e+00,5.000000000000000000e+00,9.900000000000000000e+01,2.000000000000000000e+01,0.000000000000000000e+00,1.000000000000000000e+00,0.000000000000000000e+00,1.000000000000000000e+00,1.128865622276031822e-02,4.000000000000000000e+01,3.061234845160742848e-04,1.782804378647191322e-03
1.400000000000000000e+02,2.000000000000000042e-03,2.000000000000000000e+00,0.000000000000000000e+00,2.000000000000000000e+01,5.000000000000000000e+00,3.000000000000000000e+01,9.900000000000000000e+01,2.000000000000000000e+01,2.000000000000000000e+00,0.000000000000000000e+00,1.000000000000000000e+00,1.000000000000000000e+00,-3.029042281351923549e-03,4.000000000000000000e+01,-7.576592413752470106e-05,8.996882310485336542e-04
1.400000000000000000e+02,2.000000000000000042e-03,4.000000000000000000e+00,0.000000000000000000e+00,2.000000000000000000e+01,1.000000000000000000e+01,1.000000000000000000e+00,9.900000000000000000e+01,2.000000000000000000e+01,1.000000000000000000e+00,0.000000000000000000e+00,0.000000000000000000e+00,1.000000000000000000e+00,0.000000000000000000e+00,4.000000000000000000e+01,0.000000000000000000e+00,3.582744397730380000e-03
1.400000000000000000e+02,2.000000000000000042e-03,5.000000000000000000e+00,2.000000000000000000e+00,3.000000000000000000e+01,2.000000000000000000e+00,3.000000000000000000e+01,9.900000000000000000e+01,2.000000000000000000e+01,2.000000000000000000e+00,1.000000000000000000e+00,1.000000000000000000e+00,1.000000000000000000e+00,0.000000000000000000e+00,3.000000000000000000e+01,0.000000000000000000e+00,8.830566472824665685e-04
1.400000000000000000e+02,3.000000000000000062e-03,1.000000000000000000e+00,0.000000000000000000e+00,2.000000000000000000e+01,5.000000000000000000e+00,3.000000000000000000e+00,9.900000000000000000e+01,2.000000000000000000e+01,2.000000000000000000e+00,1.000000000000000000e+00,0.000000000000000000e+00,1.000000000000000000e+00,1.325592373022210779e-03,4.000000000000000000e+01,3.422813436873839703e-05,2.086618922682369898e-03
1.400000000000000000e+02,3.000000000000000062e-03,1.000000000000000000e+00,1.000000000000000000e+00,2.000000000000000000e+01,5.000000000000000000e+00,1.000000000000000000e+01,9.900000000000000000e+01,2.000000000000000000e+01,0.000000000000000000e+00,1.000000000000000000e+00,1.000000000000000000e+00,1.000000000000000000e+00,-5.158566229556138527e-02,4.000000000000000000e+01,-1.303589187724296574e-03,7.709274370145613930e-04
1.400000000000000000e+02,3.000000000000000062e-03,1.000000000000000000e+00,1.000000000000000000e+00,2.000000000000000000e+01,1.000000000000000000e+01,1.000000000000000000e+00,9.900000000000000000e+01,2.000000000000000000e+01,0.000000000000000000e+00,1.000000000000000000e+00,1.000000000000000000e+00,1.000000000000000000e+00,-2.094214530051774492e-02,4.000000000000000000e+01,-5.198181151258362892e-04,1.631471925000136172e-03
1.400000000000000000e+02,3.000000000000000062e-03,2.000000000000000000e+00,0.000000000000000000e+00,2.000000000000000000e+01,1.000000000000000000e+01,3.000000000000000000e+01,9.900000000000000000e+01,2.000000000000000000e+01,2.000000000000000000e+00,0.000000000000000000e+00,0.000000000000000000e+00,1.000000000000000000e+00,0.000000000000000000e+00,4.000000000000000000e+01,0.000000000000000000e+00,1.573132408927883615e-03
1.400000000000000000e+02,3.000000000000000062e-03,8.000000000000000000e+00,1.000000000000000000e+00,2.000000000000000000e+01,2.000000000000000000e+00,2.000000000000000000e+01,9.900000000000000000e+01,2.000000000000000000e+01,1.000000000000000000e+00,0.000000000000000000e+00,0.000000000000000000e+00,1.000000000000000000e+00,-3.804692445752055896e-02,4.000000000000000000e+01,-9.639191921740591484e-04,1.986471054754453645e-03
1.400000000000000000e+02,4.000000000000000083e-03,1.000000000000000000e+00,2.000000000000000000e+00,2.000000000000000000e+01,5.000000000000000000e+00,3.000000000000000000e+01,9.900000000000000000e+01,2.000000000000000000e+01,0.000000000000000000e+00,0.000000000000000000e+00,0.000000000000000000e+00,1.000000000000000000e+00,3.654137868619677931e-03,4.000000000000000000e+01,9.164507782625507817e-05,1.294531000846659789e-03
1.400000000000000000e+02,4.000000000000000083e-03,2.000000000000000000e+00,1.000000000000000000e+00,2.000000000000000000e+01,2.000000000000000000e+00,3.000000000000000000e+01,9.900000000000000000e+01,2.000000000000000000e+01,2.000000000000000000e+00,0.000000000000000000e+00,0.000000000000000000e+00,1.000000000000000000e+00,7.334109409717903816e-03,4.000000000000000000e+01,1.833527352429475954e-04,1.626483108776711345e-03
1.400000000000000000e+02,4.000000000000000083e-03,2.000000000000000000e+00,2.000000000000000000e+00,2.000000000000000000e+01,5.000000000000000000e+00,3.000000000000000000e+01,9.900000000000000000e+01,2.000000000000000000e+01,2.000000000000000000e+00,1.000000000000000000e+00,1.000000000000000000e+00,1.000000000000000000e+00,0.000000000000000000e+00,4.000000000000000000e+01,0.000000000000000000e+00,8.649164919783016011e-04
1.400000000000000000e+02,4.000000000000000083e-03,8.000000000000000000e+00,1.000000000000000000e+00,2.000000000000000000e+01,5.000000000000000000e+00,3.000000000000000000e+01,9.900000000000000000e+01,2.000000000000000000e+01,2.000000000000000000e+00,1.000000000000000000e+00,0.000000000000000000e+00,1.000000000000000000e+00,1.887233561814816163e-02,4.000000000000000000e+01,4.821430476632720735e-04,1.692462558216256251e-03
